EinAnaTmpMotorWicklU2_20Hz	EinAnaTmpUmgebung_20Hz	XcpAnaDrzMotorIst_20Hz	XcpAnaSpgMotorD_20Hz	XcpAnaSpgMotorQ_20Hz	XcpAnaStrMotorD_20Hz	XcpAnaStrMotorQ_20Hz	XcpAnaTmpElektronik_20Hz	index	runtime	downtime	check_sum
52.5	27.5	-10.68	0.0	0.0	0.0	28.6	35.24	177765	12332.0	2668.0	15000.0
52.5	27.5	-10.68	0.0	0.0	0.0	28.6	35.21	177766	12333.0	2667.0	15000.0
52.5	27.5	-8326.17	12.52	13.29	16.21	57.81	35.18	177767	12334.0	2666.0	15000.0
52.5	27.5	-8326.17	12.52	13.29	16.21	57.81	35.19	177768	12335.0	2665.0	15000.0
52.5	27.5	-9789.91	-0.25	16.1	0.66	-1.2	35.2	177769	12336.0	2664.0	15000.0
52.49	27.5	-9789.91	-0.25	16.1	0.66	-1.2	35.22	177770	12337.0	2663.0	15000.0
52.47	27.5	-8941.83	0.51	14.99	-0.03	2.14	35.23	177771	12338.0	2662.0	15000.0
52.44	27.5	-8941.83	0.51	14.99	-0.03	2.14	35.24	177772	12339.0	2661.0	15000.0
52.4	27.5	-8624.82	1.04	14.65	-0.13	4.78	35.25	177773	12340.0	2660.0	15000.0
52.34	27.5	-8624.82	1.04	14.65	-0.13	4.78	35.25	177774	12341.0	2659.0	15000.0
52.28	27.5	-8532.1	1.13	14.52	-0.29	5.08	35.25	177775	12342.0	2658.0	15000.0
52.22	27.5	-8532.1	1.13	14.52	-0.29	5.08	35.25	177776	12343.0	2657.0	15000.0
52.15	27.5	-8504.76	1.22	14.5	0.34	5.92	35.26	177777	12344.0	2656.0	15000.0
52.07	27.5	-8504.76	1.22	14.5	0.34	5.92	35.27	177778	12345.0	2655.0	15000.0
52.0	27.4	-8501.77	1.17	14.47	0.31	5.88	35.27	177779	12346.0	2654.0	15000.0
51.92	27.4	-8501.77	1.17	14.47	0.31	5.88	35.27	177780	12347.0	2653.0	15000.0
51.84	27.4	-8499.63	1.25	14.49	-0.3	5.43	35.27	177781	12348.0	2652.0	15000.0
51.76	27.4	-8499.63	1.25	14.49	-0.3	5.43	35.27	177782	12349.0	2651.0	15000.0
51.68	27.4	-8499.63	1.25	14.49	-0.3	5.43	35.27	177783	12350.0	2650.0	15000.0
51.6	27.4	-8499.63	1.25	14.49	-0.3	5.43	35.28	177784	12351.0	2649.0	15000.0
51.51	27.4	-8497.5	1.23	14.49	-0.05	5.49	35.29	177785	12352.0	2648.0	15000.0
51.43	27.4	-8497.5	1.23	14.49	-0.05	5.49	35.3	177786	12353.0	2647.0	15000.0
51.35	27.4	-8492.37	1.15	14.49	0.21	5.54	35.31	177787	12354.0	2646.0	15000.0
51.27	27.4	-8492.37	1.15	14.49	0.21	5.54	35.31	177788	12355.0	2645.0	15000.0
51.2	27.5	-8494.93	1.21	14.48	-0.65	5.8	35.3	177789	12356.0	2644.0	15000.0
51.13	27.5	-8494.93	1.21	14.48	-0.65	5.8	35.3	177790	12357.0	2643.0	15000.0
51.06	27.5	-8495.36	1.17	14.47	-0.01	5.45	35.3	177791	12358.0	2642.0	15000.0
50.99	27.5	-8495.36	1.17	14.47	-0.01	5.45	35.3	177792	12359.0	2641.0	15000.0
50.92	27.5	-8498.35	1.2	14.48	-0.09	5.51	35.31	177793	12360.0	2640.0	15000.0
50.85	27.5	-8498.35	1.2	14.48	-0.09	5.51	35.31	177794	12361.0	2639.0	15000.0
50.78	27.5	-8497.5	1.16	14.48	0.0	5.49	35.3	177795	12362.0	2638.0	15000.0
50.71	27.5	-8497.5	1.16	14.48	0.0	5.49	35.31	177796	12363.0	2637.0	15000.0
50.64	27.5	-8493.22	1.18	14.48	-0.18	5.68	35.32	177797	12364.0	2636.0	15000.0
50.57	27.5	-8493.22	1.18	14.48	-0.18	5.68	35.31	177798	12365.0	2635.0	15000.0
50.5	27.5	-8490.23	1.21	14.49	-0.29	5.15	35.31	177799	12366.0	2634.0	15000.0
50.42	27.5	-8490.23	1.21	14.49	-0.29	5.15	35.31	177800	12367.0	2633.0	15000.0
50.35	27.5	-8498.78	1.19	14.5	-0.15	5.22	35.32	177801	12368.0	2632.0	15000.0
50.27	27.5	-8498.78	1.19	14.5	-0.15	5.22	35.33	177802	12369.0	2631.0	15000.0
50.18	27.5	-8010.01	3.49	13.87	0.04	19.07	35.34	177803	12370.0	2630.0	15000.0
50.1	27.5	-8010.01	3.49	13.87	0.04	19.07	35.33	177804	12371.0	2629.0	15000.0
50.02	27.5	-8042.48	4.91	13.86	2.43	24.45	35.31	177805	12372.0	2628.0	15000.0
49.93	27.5	-8042.48	4.91	13.86	2.43	24.45	35.3	177806	12373.0	2627.0	15000.0
49.85	27.5	-8170.65	5.65	13.94	2.37	28.73	35.3	177807	12374.0	2626.0	15000.0
49.78	27.5	-8170.65	5.65	13.94	2.37	28.73	35.3	177808	12375.0	2625.0	15000.0
49.7	27.4	-8170.65	5.65	13.94	2.37	28.73	35.3	177809	12376.0	2624.0	15000.0
49.63	27.4	-8170.65	5.65	13.94	2.37	28.73	35.31	177810	12377.0	2623.0	15000.0
49.56	27.4	-8260.8	6.15	14.06	3.88	31.2	35.32	177811	12378.0	2622.0	15000.0
49.49	27.4	-8260.8	6.15	14.06	3.88	31.2	35.32	177812	12379.0	2621.0	15000.0
49.42	27.4	-8343.26	6.62	14.14	3.46	32.6	35.32	177813	12380.0	2620.0	15000.0
49.36	27.4	-8343.26	6.62	14.14	3.46	32.6	35.32	177814	12381.0	2619.0	15000.0
49.3	27.4	-8387.69	6.77	14.22	4.69	32.88	35.32	177815	12382.0	2618.0	15000.0
49.24	27.4	-8387.69	6.77	14.22	4.69	32.88	35.32	177816	12383.0	2617.0	15000.0
49.19	27.4	-8419.74	6.96	14.23	4.76	33.74	35.33	177817	12384.0	2616.0	15000.0
49.14	27.4	-8419.74	6.96	14.23	4.76	33.74	35.34	177818	12385.0	2615.0	15000.0
49.1	27.5	-8441.1	7.1	14.25	4.38	34.63	35.36	177819	12386.0	2614.0	15000.0
49.06	27.5	-8441.1	7.1	14.25	4.38	34.63	35.36	177820	12387.0	2613.0	15000.0
49.02	27.5	-8468.44	7.17	14.28	3.69	35.92	35.35	177821	12388.0	2612.0	15000.0
48.98	27.5	-8468.44	7.17	14.28	3.69	35.92	35.37	177822	12389.0	2611.0	15000.0
48.94	27.5	-8485.53	7.24	14.32	4.21	34.35	35.39	177823	12390.0	2610.0	15000.0
48.9	27.5	-8485.53	7.24	14.32	4.21	34.35	35.39	177824	12391.0	2609.0	15000.0
48.86	27.5	-8485.96	7.34	14.3	4.02	35.72	35.4	177825	12392.0	2608.0	15000.0
48.82	27.5	-8485.96	7.34	14.3	4.02	35.72	35.41	177826	12393.0	2607.0	15000.0
48.78	27.5	-8489.38	7.3	14.26	3.58	36.5	35.42	177827	12394.0	2606.0	15000.0
48.74	27.5	-8489.38	7.3	14.26	3.58	36.5	35.42	177828	12395.0	2605.0	15000.0
48.7	27.4	-8493.22	7.3	14.27	4.39	36.23	35.43	177829	12396.0	2604.0	15000.0
48.66	27.4	-8493.22	7.3	14.27	4.39	36.23	35.44	177830	12397.0	2603.0	15000.0
48.62	27.4	-8491.51	7.29	14.35	4.65	34.71	35.45	177831	12398.0	2602.0	15000.0
48.58	27.4	-8491.51	7.29	14.35	4.65	34.71	35.47	177832	12399.0	2601.0	15000.0
48.54	27.4	-8496.21	7.38	14.33	2.82	35.05	35.48	177833	12400.0	2600.0	15000.0
48.5	27.4	-8496.21	7.38	14.33	2.82	35.05	35.49	177834	12401.0	2599.0	15000.0
48.46	27.4	-8497.5	7.34	14.33	4.22	36.32	35.5	177835	12402.0	2598.0	15000.0
48.42	27.4	-8497.5	7.34	14.33	4.22	36.32	35.51	177836	12403.0	2597.0	15000.0
48.38	27.4	-8493.22	7.32	14.28	4.77	36.72	35.52	177837	12404.0	2596.0	15000.0
48.34	27.4	-8493.22	7.32	14.28	4.77	36.72	35.52	177838	12405.0	2595.0	15000.0
48.3	27.4	-8492.8	7.32	14.31	4.0	35.45	35.52	177839	12406.0	2594.0	15000.0
48.26	27.4	-8492.8	7.32	14.31	4.0	35.45	35.52	177840	12407.0	2593.0	15000.0
48.23	27.4	-8492.8	7.32	14.31	4.0	35.45	35.52	177841	12408.0	2592.0	15000.0
48.19	27.4	-8492.8	7.32	14.31	4.0	35.45	35.53	177842	12409.0	2591.0	15000.0
48.16	27.4	-8501.34	7.32	14.38	4.83	35.17	35.54	177843	12410.0	2590.0	15000.0
48.13	27.4	-8501.34	7.32	14.38	4.83	35.17	35.56	177844	12411.0	2589.0	15000.0
48.1	27.4	-8497.07	7.37	14.28	2.95	36.32	35.57	177845	12412.0	2588.0	15000.0
48.08	27.4	-8497.07	7.37	14.28	2.95	36.32	35.58	177846	12413.0	2587.0	15000.0
48.05	27.4	-8497.92	7.36	14.23	4.25	36.48	35.59	177847	12414.0	2586.0	15000.0
48.03	27.4	-8497.92	7.36	14.23	4.25	36.48	35.6	177848	12415.0	2585.0	15000.0
48.0	27.4	-8494.08	7.32	14.3	4.82	36.03	35.6	177849	12416.0	2584.0	15000.0
47.98	27.4	-8494.08	7.32	14.3	4.82	36.03	35.6	177850	12417.0	2583.0	15000.0
47.95	27.4	-8496.64	7.33	14.29	4.39	35.73	35.6	177851	12418.0	2582.0	15000.0
47.93	27.4	-8496.64	7.33	14.29	4.39	35.73	35.61	177852	12419.0	2581.0	15000.0
47.91	27.4	-8494.5	7.31	14.34	4.74	34.98	35.62	177853	12420.0	2580.0	15000.0
47.89	27.4	-8494.5	7.31	14.34	4.74	34.98	35.64	177854	12421.0	2579.0	15000.0
47.87	27.4	-8500.49	7.39	14.33	3.42	35.11	35.65	177855	12422.0	2578.0	15000.0
47.85	27.4	-8500.49	7.39	14.33	3.42	35.11	35.64	177856	12423.0	2577.0	15000.0
47.83	27.4	-8498.78	7.34	14.33	4.0	35.68	35.64	177857	12424.0	2576.0	15000.0
47.82	27.4	-8498.78	7.34	14.33	4.0	35.68	35.65	177858	12425.0	2575.0	15000.0
47.8	27.3	-8496.21	7.35	14.24	4.0	37.79	35.67	177859	12426.0	2574.0	15000.0
47.79	27.3	-8496.21	7.35	14.24	4.0	37.79	35.68	177860	12427.0	2573.0	15000.0
47.77	27.3	-8496.21	7.35	14.29	3.73	36.02	35.69	177861	12428.0	2572.0	15000.0
47.76	27.3	-8496.21	7.35	14.29	3.73	36.02	35.7	177862	12429.0	2571.0	15000.0
47.76	27.3	-8499.2	7.34	14.31	4.05	35.49	35.7	177863	12430.0	2570.0	15000.0
47.75	27.3	-8499.2	7.34	14.31	4.05	35.49	35.7	177864	12431.0	2569.0	15000.0
47.74	27.3	-8498.35	7.31	14.34	4.94	35.18	35.7	177865	12432.0	2568.0	15000.0
47.73	27.3	-8498.35	7.31	14.34	4.94	35.18	35.71	177866	12433.0	2567.0	15000.0
47.72	27.3	-8497.07	7.36	14.31	4.27	35.73	35.72	177867	12434.0	2566.0	15000.0
47.71	27.3	-8497.07	7.36	14.31	4.27	35.73	35.74	177868	12435.0	2565.0	15000.0
47.7	27.3	-8493.22	7.32	14.32	5.43	36.03	35.75	177869	12436.0	2564.0	15000.0
47.68	27.3	-8493.22	7.32	14.32	5.43	36.03	35.75	177870	12437.0	2563.0	15000.0
47.67	27.3	-8493.22	7.32	14.32	5.43	36.03	35.75	177871	12438.0	2562.0	15000.0
47.64	27.3	-8493.22	7.32	14.32	5.43	36.03	35.76	177872	12439.0	2561.0	15000.0
47.62	27.3	-8497.07	7.36	14.27	4.57	36.01	35.76	177873	12440.0	2560.0	15000.0
47.6	27.3	-8497.07	7.36	14.27	4.57	36.01	35.75	177874	12441.0	2559.0	15000.0
47.57	27.3	-8497.92	7.31	14.34	4.58	35.32	35.75	177875	12442.0	2558.0	15000.0
47.55	27.3	-8497.92	7.31	14.34	4.58	35.32	35.76	177876	12443.0	2557.0	15000.0
47.53	27.3	-8494.5	7.37	14.31	3.25	35.28	35.77	177877	12444.0	2556.0	15000.0
47.51	27.3	-8494.5	7.37	14.31	3.25	35.28	35.77	177878	12445.0	2555.0	15000.0
47.5	27.3	-8493.65	7.39	14.26	3.89	36.79	35.78	177879	12446.0	2554.0	15000.0
47.49	27.3	-8493.65	7.39	14.26	3.89	36.79	35.78	177880	12447.0	2553.0	15000.0
47.49	27.3	-8493.22	7.33	14.26	5.01	36.68	35.79	177881	12448.0	2552.0	15000.0
47.49	27.3	-8493.22	7.33	14.26	5.01	36.68	35.8	177882	12449.0	2551.0	15000.0
47.49	27.3	-8498.35	7.33	14.29	3.72	35.89	35.8	177883	12450.0	2550.0	15000.0
47.49	27.3	-8498.35	7.33	14.29	3.72	35.89	35.8	177884	12451.0	2549.0	15000.0
47.5	27.3	-8497.5	7.3	14.33	4.5	35.46	35.8	177885	12452.0	2548.0	15000.0
47.5	27.3	-8497.5	7.3	14.33	4.5	35.46	35.8	177886	12453.0	2547.0	15000.0
47.5	27.3	-8498.78	7.38	14.3	3.71	36.16	35.81	177887	12454.0	2546.0	15000.0
47.5	27.3	-8498.78	7.38	14.3	3.71	36.16	35.81	177888	12455.0	2545.0	15000.0
47.5	27.3	-8494.93	7.37	14.27	3.7	36.57	35.82	177889	12456.0	2544.0	15000.0
47.49	27.3	-8494.93	7.37	14.27	3.7	36.57	35.83	177890	12457.0	2543.0	15000.0
47.48	27.3	-8494.93	7.34	14.3	4.21	36.79	35.83	177891	12458.0	2542.0	15000.0
47.47	27.3	-8494.93	7.34	14.3	4.21	36.79	35.83	177892	12459.0	2541.0	15000.0
47.46	27.3	-8492.8	7.37	14.32	3.89	36.39	35.83	177893	12460.0	2540.0	15000.0
47.45	27.3	-8492.8	7.37	14.32	3.89	36.39	35.83	177894	12461.0	2539.0	15000.0
47.44	27.3	-8500.91	7.28	14.31	3.92	36.22	35.83	177895	12462.0	2538.0	15000.0
47.42	27.3	-8500.91	7.28	14.31	3.92	36.22	35.84	177896	12463.0	2537.0	15000.0
47.41	27.3	-8494.5	7.35	14.35	3.31	34.93	35.85	177897	12464.0	2536.0	15000.0
47.41	27.3	-8494.5	7.35	14.35	3.31	34.93	35.85	177898	12465.0	2535.0	15000.0
47.4	27.4	-8494.5	7.35	14.35	3.31	34.93	35.85	177899	12466.0	2534.0	15000.0
47.4	27.4	-8494.5	7.35	14.35	3.31	34.93	35.84	177900	12467.0	2533.0	15000.0
47.41	27.4	-8498.78	7.34	14.33	3.64	35.82	35.84	177901	12468.0	2532.0	15000.0
47.42	27.4	-8498.78	7.34	14.33	3.64	35.82	35.85	177902	12469.0	2531.0	15000.0
47.43	27.4	-8499.63	7.36	14.28	3.82	36.7	35.86	177903	12470.0	2530.0	15000.0
47.45	27.4	-8499.63	7.36	14.28	3.82	36.7	35.87	177904	12471.0	2529.0	15000.0
47.47	27.4	-8499.2	7.33	14.31	4.31	36.05	35.87	177905	12472.0	2528.0	15000.0
47.48	27.4	-8499.2	7.33	14.31	4.31	36.05	35.87	177906	12473.0	2527.0	15000.0
47.49	27.4	-8500.91	7.32	14.34	4.88	35.46	35.87	177907	12474.0	2526.0	15000.0
47.5	27.4	-8500.91	7.32	14.34	4.88	35.46	35.87	177908	12475.0	2525.0	15000.0
47.5	27.3	-8500.91	7.36	14.28	3.13	36.11	35.87	177909	12476.0	2524.0	15000.0
47.49	27.3	-8500.91	7.36	14.28	3.13	36.11	35.87	177910	12477.0	2523.0	15000.0
47.49	27.3	-8495.79	7.39	14.3	4.04	36.5	35.88	177911	12478.0	2522.0	15000.0
47.48	27.3	-8495.79	7.39	14.3	4.04	36.5	35.89	177912	12479.0	2521.0	15000.0
47.46	27.3	-8495.36	7.3	14.3	4.93	36.81	35.89	177913	12480.0	2520.0	15000.0
47.45	27.3	-8495.36	7.3	14.3	4.93	36.81	35.89	177914	12481.0	2519.0	15000.0
47.44	27.3	-8494.93	7.32	14.3	4.05	36.26	35.88	177915	12482.0	2518.0	15000.0
47.42	27.3	-8494.93	7.32	14.3	4.05	36.26	35.89	177916	12483.0	2517.0	15000.0
47.41	27.3	-8500.91	7.32	14.3	4.22	36.47	35.89	177917	12484.0	2516.0	15000.0
47.41	27.3	-8500.91	7.32	14.3	4.22	36.47	35.89	177918	12485.0	2515.0	15000.0
47.4	27.3	-8497.92	7.37	14.33	4.03	34.59	35.89	177919	12486.0	2514.0	15000.0
47.4	27.3	-8497.92	7.37	14.33	4.03	34.59	35.9	177920	12487.0	2513.0	15000.0
47.39	27.3	-8494.5	7.39	14.32	3.49	35.78	35.9	177921	12488.0	2512.0	15000.0
47.39	27.3	-8494.5	7.39	14.32	3.49	35.78	35.9	177922	12489.0	2511.0	15000.0
47.39	27.3	-8495.79	7.38	14.22	4.25	38.1	35.9	177923	12490.0	2510.0	15000.0
47.39	27.3	-8495.79	7.38	14.22	4.25	38.1	35.9	177924	12491.0	2509.0	15000.0
47.39	27.3	-8497.07	7.34	14.28	4.63	36.15	35.9	177925	12492.0	2508.0	15000.0
47.39	27.3	-8497.07	7.34	14.28	4.63	36.15	35.9	177926	12493.0	2507.0	15000.0
47.39	27.3	-8497.5	7.3	14.33	4.42	35.66	35.9	177927	12494.0	2506.0	15000.0
47.4	27.3	-8497.5	7.3	14.33	4.42	35.66	35.9	177928	12495.0	2505.0	15000.0
47.4	27.3	-8498.78	7.31	14.36	4.5	34.95	35.9	177929	12496.0	2504.0	15000.0
47.41	27.3	-8498.78	7.31	14.36	4.5	34.95	35.9	177930	12497.0	2503.0	15000.0
47.42	27.3	-8499.63	7.38	14.29	3.41	36.43	35.9	177931	12498.0	2502.0	15000.0
47.43	27.3	-8499.63	7.38	14.29	3.41	36.43	35.9	177932	12499.0	2501.0	15000.0
47.44	27.3	-8499.63	7.38	14.29	3.41	36.43	35.9	177933	12500.0	2500.0	15000.0
47.46	27.3	-8499.63	7.38	14.29	3.41	36.43	35.9	177934	12501.0	2499.0	15000.0
47.47	27.3	-8496.21	7.37	14.29	4.14	36.28	35.9	177935	12502.0	2498.0	15000.0
47.48	27.3	-8496.21	7.37	14.29	4.14	36.28	35.9	177936	12503.0	2497.0	15000.0
47.49	27.3	-8492.37	7.34	14.31	4.33	36.74	35.91	177937	12504.0	2496.0	15000.0
47.5	27.3	-8492.37	7.34	14.31	4.33	36.74	35.91	177938	12505.0	2495.0	15000.0
47.5	27.2	-8495.36	7.32	14.31	4.5	35.88	35.91	177939	12506.0	2494.0	15000.0
47.5	27.2	-8495.36	7.32	14.31	4.5	35.88	35.91	177940	12507.0	2493.0	15000.0
47.5	27.2	-8498.78	7.33	14.36	4.79	35.5	35.91	177941	12508.0	2492.0	15000.0
47.5	27.2	-8498.78	7.33	14.36	4.79	35.5	35.9	177942	12509.0	2491.0	15000.0
47.5	27.2	-8499.2	7.33	14.34	4.6	34.57	35.9	177943	12510.0	2490.0	15000.0
47.5	27.2	-8499.2	7.33	14.34	4.6	34.57	35.91	177944	12511.0	2489.0	15000.0
47.5	27.2	-8493.65	7.38	14.3	3.51	35.84	35.92	177945	12512.0	2488.0	15000.0
47.5	27.2	-8493.65	7.38	14.3	3.51	35.84	35.92	177946	12513.0	2487.0	15000.0
47.5	27.2	-8495.79	7.34	14.31	3.53	35.87	35.92	177947	12514.0	2486.0	15000.0
47.5	27.2	-8495.79	7.34	14.31	3.53	35.87	35.91	177948	12515.0	2485.0	15000.0
47.5	27.3	-8497.5	7.3	14.34	3.92	36.05	35.91	177949	12516.0	2484.0	15000.0
47.5	27.3	-8497.5	7.3	14.34	3.92	36.05	35.91	177950	12517.0	2483.0	15000.0
47.5	27.3	-8502.2	7.35	14.32	4.36	35.4	35.91	177951	12518.0	2482.0	15000.0
47.5	27.3	-8502.2	7.35	14.32	4.36	35.4	35.91	177952	12519.0	2481.0	15000.0
47.5	27.3	-8496.64	7.37	14.27	3.13	36.52	35.91	177953	12520.0	2480.0	15000.0
47.5	27.3	-8496.64	7.37	14.27	3.13	36.52	35.91	177954	12521.0	2479.0	15000.0
47.5	27.3	-8494.5	7.36	14.32	3.84	35.74	35.92	177955	12522.0	2478.0	15000.0
47.5	27.3	-8494.5	7.36	14.32	3.84	35.74	35.92	177956	12523.0	2477.0	15000.0
47.5	27.3	-8494.5	7.36	14.32	3.84	35.74	35.92	177957	12524.0	2476.0	15000.0
47.5	27.3	-8494.5	7.36	14.32	3.84	35.74	35.92	177958	12525.0	2475.0	15000.0
47.5	27.3	-8496.21	7.33	14.33	5.08	35.86	35.92	177959	12526.0	2474.0	15000.0
47.5	27.3	-8496.21	7.33	14.33	5.08	35.86	35.92	177960	12527.0	2473.0	15000.0
47.5	27.3	-8500.06	7.33	14.28	4.05	36.42	35.91	177961	12528.0	2472.0	15000.0
47.5	27.3	-8500.06	7.33	14.28	4.05	36.42	35.91	177962	12529.0	2471.0	15000.0
47.5	27.3	-8492.8	7.31	14.35	4.39	35.31	35.91	177963	12530.0	2470.0	15000.0
47.5	27.3	-8492.8	7.31	14.35	4.39	35.31	35.91	177964	12531.0	2469.0	15000.0
47.5	27.3	-8503.05	7.38	14.37	3.58	34.4	35.92	177965	12532.0	2468.0	15000.0
47.5	27.3	-8503.05	7.38	14.37	3.58	34.4	35.92	177966	12533.0	2467.0	15000.0
47.5	27.3	-8496.21	7.36	14.28	3.7	36.79	35.92	177967	12534.0	2466.0	15000.0
47.5	27.3	-8496.21	7.36	14.28	3.7	36.79	35.91	177968	12535.0	2465.0	15000.0
47.5	27.3	-8492.8	7.32	14.25	3.74	37.06	35.91	177969	12536.0	2464.0	15000.0
47.5	27.3	-8492.8	7.32	14.25	3.74	37.06	35.92	177970	12537.0	2463.0	15000.0
47.5	27.3	-8494.08	7.36	14.31	3.72	36.2	35.93	177971	12538.0	2462.0	15000.0
47.5	27.3	-8494.08	7.36	14.31	3.72	36.2	35.92	177972	12539.0	2461.0	15000.0
47.5	27.3	-8498.35	7.29	14.31	4.83	36.39	35.92	177973	12540.0	2460.0	15000.0
47.5	27.3	-8498.35	7.29	14.31	4.83	36.39	35.91	177974	12541.0	2459.0	15000.0
47.5	27.3	-8494.5	7.36	14.33	3.06	35.44	35.91	177975	12542.0	2458.0	15000.0
47.5	27.3	-8494.5	7.36	14.33	3.06	35.44	35.91	177976	12543.0	2457.0	15000.0
47.5	27.3	-8499.2	7.33	14.28	4.47	36.52	35.91	177977	12544.0	2456.0	15000.0
47.5	27.3	-8499.2	7.33	14.28	4.47	36.52	35.91	177978	12545.0	2455.0	15000.0
47.5	27.4	-8491.09	7.31	14.29	4.23	36.58	35.92	177979	12546.0	2454.0	15000.0
47.51	27.4	-8491.09	7.31	14.29	4.23	36.58	35.92	177980	12547.0	2453.0	15000.0
47.52	27.4	-8493.22	7.34	14.26	4.05	36.3	35.92	177981	12548.0	2452.0	15000.0
47.54	27.4	-8493.22	7.34	14.26	4.05	36.3	35.91	177982	12549.0	2451.0	15000.0
47.57	27.4	-8501.34	7.37	14.36	3.61	34.32	35.9	177983	12550.0	2450.0	15000.0
47.6	27.4	-8501.34	7.37	14.36	3.61	34.32	35.9	177984	12551.0	2449.0	15000.0
47.63	27.4	-8501.34	7.37	14.36	3.61	34.32	35.9	177985	12552.0	2448.0	15000.0
47.66	27.4	-8501.34	7.37	14.36	3.61	34.32	35.91	177986	12553.0	2447.0	15000.0
47.68	27.4	-8500.49	7.4	14.29	3.83	36.29	35.91	177987	12554.0	2446.0	15000.0
47.69	27.4	-8500.49	7.4	14.29	3.83	36.29	35.91	177988	12555.0	2445.0	15000.0
47.7	27.5	-8494.5	7.32	14.31	4.08	36.26	35.91	177989	12556.0	2444.0	15000.0
47.7	27.5	-8494.5	7.32	14.31	4.08	36.26	35.9	177990	12557.0	2443.0	15000.0
47.7	27.5	-8489.38	7.32	14.31	3.91	35.57	35.9	177991	12558.0	2442.0	15000.0
47.7	27.5	-8489.38	7.32	14.31	3.91	35.57	35.9	177992	12559.0	2441.0	15000.0
47.7	27.5	-8497.92	7.34	14.32	4.28	36.13	35.91	177993	12560.0	2440.0	15000.0
47.7	27.5	-8497.92	7.34	14.32	4.28	36.13	35.9	177994	12561.0	2439.0	15000.0
47.7	27.5	-8496.21	7.33	14.34	4.18	35.23	35.9	177995	12562.0	2438.0	15000.0
47.7	27.5	-8496.21	7.33	14.34	4.18	35.23	35.9	177996	12563.0	2437.0	15000.0
47.7	27.5	-8496.21	7.36	14.28	3.58	36.32	35.9	177997	12564.0	2436.0	15000.0
47.7	27.5	-8496.21	7.36	14.28	3.58	36.32	35.9	177998	12565.0	2435.0	15000.0
47.7	27.3	-8497.07	7.34	14.27	3.67	36.76	35.91	177999	12566.0	2434.0	15000.0
47.7	27.3	-8497.07	7.34	14.27	3.67	36.76	35.91	178000	12567.0	2433.0	15000.0
47.7	27.3	-8494.5	7.29	14.34	5.41	35.86	35.91	178001	12568.0	2432.0	15000.0
47.7	27.3	-8494.5	7.29	14.34	5.41	35.86	35.9	178002	12569.0	2431.0	15000.0
47.7	27.3	-8497.07	7.34	14.27	4.61	36.62	35.89	178003	12570.0	2430.0	15000.0
47.7	27.3	-8497.07	7.34	14.27	4.61	36.62	35.89	178004	12571.0	2429.0	15000.0
47.7	27.3	-8503.48	7.29	14.37	4.88	34.63	35.89	178005	12572.0	2428.0	15000.0
47.7	27.3	-8503.48	7.29	14.37	4.88	34.63	35.89	178006	12573.0	2427.0	15000.0
47.7	27.3	-8493.65	7.37	14.37	3.28	34.84	35.89	178007	12574.0	2426.0	15000.0
47.7	27.3	-8493.65	7.37	14.37	3.28	34.84	35.89	178008	12575.0	2425.0	15000.0
47.7	27.3	-8493.65	7.37	14.37	3.28	34.84	35.89	178009	12576.0	2424.0	15000.0
47.7	27.3	-8493.65	7.37	14.37	3.28	34.84	35.89	178010	12577.0	2423.0	15000.0
47.71	27.3	-8496.21	7.39	14.32	4.19	36.47	35.88	178011	12578.0	2422.0	15000.0
47.72	27.3	-8496.21	7.39	14.32	4.19	36.47	35.9	178012	12579.0	2421.0	15000.0
47.74	27.3	-8496.21	7.35	14.27	4.5	37.32	35.91	178013	12580.0	2420.0	15000.0
47.75	27.3	-8496.21	7.35	14.27	4.5	37.32	35.9	178014	12581.0	2419.0	15000.0
47.76	27.3	-8499.2	7.31	14.35	4.28	35.6	35.9	178015	12582.0	2418.0	15000.0
47.78	27.3	-8499.2	7.31	14.35	4.28	35.6	35.89	178016	12583.0	2417.0	15000.0
47.79	27.3	-8500.06	7.4	14.3	3.67	36.05	35.89	178017	12584.0	2416.0	15000.0
47.8	27.3	-8500.06	7.4	14.3	3.67	36.05	35.89	178018	12585.0	2415.0	15000.0
47.8	27.3	-8496.21	7.38	14.28	3.76	36.51	35.89	178019	12586.0	2414.0	15000.0
47.8	27.3	-8496.21	7.38	14.28	3.76	36.51	35.89	178020	12587.0	2413.0	15000.0
47.8	27.3	-8492.37	7.37	14.28	4.32	37.0	35.88	178021	12588.0	2412.0	15000.0
47.8	27.3	-8492.37	7.37	14.28	4.32	37.0	35.89	178022	12589.0	2411.0	15000.0
47.8	27.3	-8495.79	7.3	14.31	4.33	36.12	35.89	178023	12590.0	2410.0	15000.0
47.8	27.3	-8495.79	7.3	14.31	4.33	36.12	35.88	178024	12591.0	2409.0	15000.0
47.8	27.3	-8497.5	7.3	14.35	4.74	35.77	35.87	178025	12592.0	2408.0	15000.0
47.8	27.3	-8497.5	7.3	14.35	4.74	35.77	35.87	178026	12593.0	2407.0	15000.0
47.8	27.3	-8501.34	7.32	14.37	4.1	34.66	35.87	178027	12594.0	2406.0	15000.0
47.8	27.3	-8501.34	7.32	14.37	4.1	34.66	35.87	178028	12595.0	2405.0	15000.0
47.8	27.4	-8497.5	7.34	14.31	2.96	35.79	35.87	178029	12596.0	2404.0	15000.0
47.8	27.4	-8497.5	7.34	14.31	2.96	35.79	35.87	178030	12597.0	2403.0	15000.0
47.8	27.4	-8492.37	7.35	14.25	3.92	36.95	35.87	178031	12598.0	2402.0	15000.0
47.8	27.4	-8492.37	7.35	14.25	3.92	36.95	35.87	178032	12599.0	2401.0	15000.0
47.8	27.4	-8496.64	7.34	14.26	4.34	37.43	35.87	178033	12600.0	2400.0	15000.0
47.8	27.4	-8496.64	7.34	14.26	4.34	37.43	35.87	178034	12601.0	2399.0	15000.0
47.8	27.4	-8494.08	7.33	14.33	4.32	35.32	35.87	178035	12602.0	2398.0	15000.0
47.8	27.4	-8494.08	7.33	14.33	4.32	35.32	35.87	178036	12603.0	2397.0	15000.0
47.8	27.4	-8497.92	7.33	14.34	4.41	35.51	35.87	178037	12604.0	2396.0	15000.0
47.8	27.4	-8497.92	7.33	14.34	4.41	35.51	35.87	178038	12605.0	2395.0	15000.0
47.8	27.3	-8497.5	7.35	14.29	3.16	36.32	35.87	178039	12606.0	2394.0	15000.0
47.8	27.3	-8497.5	7.35	14.29	3.16	36.32	35.87	178040	12607.0	2393.0	15000.0
47.8	27.3	-8501.34	7.3	14.28	4.26	36.01	35.86	178041	12608.0	2392.0	15000.0
47.8	27.3	-8501.34	7.3	14.28	4.26	36.01	35.87	178042	12609.0	2391.0	15000.0
47.8	27.3	-8497.07	7.3	14.27	4.54	37.03	35.87	178043	12610.0	2390.0	15000.0
47.8	27.3	-8497.07	7.3	14.27	4.54	37.03	35.86	178044	12611.0	2389.0	15000.0
47.8	27.3	-8493.65	7.36	14.3	3.8	36.29	35.86	178045	12612.0	2388.0	15000.0
47.8	27.3	-8493.65	7.36	14.3	3.8	36.29	35.86	178046	12613.0	2387.0	15000.0
47.8	27.3	-8493.65	7.36	14.3	3.8	36.29	35.86	178047	12614.0	2386.0	15000.0
47.8	27.3	-8493.65	7.36	14.3	3.8	36.29	35.86	178048	12615.0	2385.0	15000.0
47.8	27.3	-8496.64	7.32	14.28	4.49	36.61	35.86	178049	12616.0	2384.0	15000.0
47.81	27.3	-8496.64	7.32	14.28	4.49	36.61	35.86	178050	12617.0	2383.0	15000.0
47.82	27.3	-8497.92	7.35	14.34	3.51	34.96	35.85	178051	12618.0	2382.0	15000.0
47.84	27.3	-8497.92	7.35	14.34	3.51	34.96	35.84	178052	12619.0	2381.0	15000.0
47.87	27.3	-8495.36	7.33	14.3	4.21	35.79	35.84	178053	12620.0	2380.0	15000.0
47.9	27.3	-8495.36	7.33	14.3	4.21	35.79	35.84	178054	12621.0	2379.0	15000.0
47.93	27.3	-8500.06	7.34	14.31	3.7	36.4	35.84	178055	12622.0	2378.0	15000.0
47.96	27.3	-8500.06	7.34	14.31	3.7	36.4	35.84	178056	12623.0	2377.0	15000.0
47.98	27.3	-8492.8	7.32	14.26	5.01	37.45	35.85	178057	12624.0	2376.0	15000.0
47.99	27.3	-8492.8	7.32	14.26	5.01	37.45	35.85	178058	12625.0	2375.0	15000.0
48.0	27.3	-8500.49	7.3	14.32	3.82	35.59	35.85	178059	12626.0	2374.0	15000.0
48.0	27.3	-8500.49	7.3	14.32	3.82	35.59	35.85	178060	12627.0	2373.0	15000.0
48.0	27.3	-8496.64	7.33	14.33	5.02	35.35	35.84	178061	12628.0	2372.0	15000.0
48.0	27.3	-8496.64	7.33	14.33	5.02	35.35	35.83	178062	12629.0	2371.0	15000.0
48.0	27.3	-8497.5	7.36	14.32	4.33	35.68	35.83	178063	12630.0	2370.0	15000.0
48.0	27.3	-8497.5	7.36	14.32	4.33	35.68	35.83	178064	12631.0	2369.0	15000.0
48.0	27.3	-8491.09	7.32	14.27	4.18	36.47	35.83	178065	12632.0	2368.0	15000.0
48.0	27.3	-8491.09	7.32	14.27	4.18	36.47	35.83	178066	12633.0	2367.0	15000.0
48.0	27.3	-8494.5	7.29	14.34	4.14	35.81	35.83	178067	12634.0	2366.0	15000.0
48.0	27.3	-8494.5	7.29	14.34	4.14	35.81	35.83	178068	12635.0	2365.0	15000.0
48.0	27.2	-8499.2	7.33	14.34	4.19	35.09	35.83	178069	12636.0	2364.0	15000.0
48.0	27.2	-8499.2	7.33	14.34	4.19	35.09	35.83	178070	12637.0	2363.0	15000.0
48.0	27.2	-8499.2	7.33	14.34	4.19	35.09	35.83	178071	12638.0	2362.0	15000.0
48.0	27.2	-8499.2	7.33	14.34	4.19	35.09	35.82	178072	12639.0	2361.0	15000.0
48.0	27.2	-8497.5	7.39	14.35	2.92	35.0	35.82	178073	12640.0	2360.0	15000.0
48.0	27.2	-8497.5	7.39	14.35	2.92	35.0	35.82	178074	12641.0	2359.0	15000.0
48.0	27.2	-8497.92	7.38	14.29	4.16	36.34	35.82	178075	12642.0	2358.0	15000.0
48.0	27.2	-8497.92	7.38	14.29	4.16	36.34	35.82	178076	12643.0	2357.0	15000.0
48.0	27.2	-8493.65	7.33	14.28	4.86	36.81	35.82	178077	12644.0	2356.0	15000.0
48.0	27.2	-8493.65	7.33	14.28	4.86	36.81	35.82	178078	12645.0	2355.0	15000.0
48.0	27.3	-8499.63	7.3	14.33	4.05	35.17	35.82	178079	12646.0	2354.0	15000.0
48.0	27.3	-8499.63	7.3	14.33	4.05	35.17	35.82	178080	12647.0	2353.0	15000.0
48.0	27.3	-8499.63	7.32	14.34	4.14	35.52	35.82	178081	12648.0	2352.0	15000.0
48.0	27.3	-8499.63	7.32	14.34	4.14	35.52	35.81	178082	12649.0	2351.0	15000.0
48.0	27.3	-8500.49	7.37	14.3	3.77	35.82	35.81	178083	12650.0	2350.0	15000.0
48.0	27.3	-8500.49	7.37	14.3	3.77	35.82	35.81	178084	12651.0	2349.0	15000.0
48.0	27.3	-8492.8	7.36	14.28	4.56	36.43	35.81	178085	12652.0	2348.0	15000.0
48.0	27.3	-8492.8	7.36	14.28	4.56	36.43	35.81	178086	12653.0	2347.0	15000.0
48.0	27.3	-8494.08	7.31	14.3	4.16	37.09	35.81	178087	12654.0	2346.0	15000.0
48.0	27.3	-8494.08	7.31	14.3	4.16	37.09	35.8	178088	12655.0	2345.0	15000.0
48.0	27.3	-8496.64	7.32	14.34	4.35	35.48	35.8	178089	12656.0	2344.0	15000.0
48.01	27.3	-8496.64	7.32	14.34	4.35	35.48	35.8	178090	12657.0	2343.0	15000.0
48.02	27.3	-8495.79	7.29	14.32	4.47	35.75	35.8	178091	12658.0	2342.0	15000.0
48.04	27.3	-8495.79	7.29	14.32	4.47	35.75	35.8	178092	12659.0	2341.0	15000.0
48.07	27.3	-8496.21	7.34	14.34	4.3	35.19	35.8	178093	12660.0	2340.0	15000.0
48.1	27.3	-8496.21	7.34	14.34	4.3	35.19	35.8	178094	12661.0	2339.0	15000.0
48.13	27.3	-8495.36	7.36	14.33	3.88	35.6	35.8	178095	12662.0	2338.0	15000.0
48.16	27.3	-8495.36	7.36	14.33	3.88	35.6	35.8	178096	12663.0	2337.0	15000.0
48.18	27.3	-8499.2	7.33	14.32	4.49	36.26	35.79	178097	12664.0	2336.0	15000.0
48.19	27.3	-8499.2	7.33	14.32	4.49	36.26	35.79	178098	12665.0	2335.0	15000.0
48.2	27.3	-8497.5	7.3	14.27	4.34	37.3	35.8	178099	12666.0	2334.0	15000.0
48.2	27.3	-8497.5	7.3	14.27	4.34	37.3	35.79	178100	12667.0	2333.0	15000.0
48.2	27.3	-8492.37	7.34	14.31	3.86	35.72	35.78	178101	12668.0	2332.0	15000.0
48.2	27.3	-8492.37	7.34	14.31	3.86	35.72	35.78	178102	12669.0	2331.0	15000.0
48.2	27.3	-8497.5	7.33	14.36	4.34	35.21	35.78	178103	12670.0	2330.0	15000.0
48.2	27.3	-8497.5	7.33	14.36	4.34	35.21	35.78	178104	12671.0	2329.0	15000.0
48.2	27.3	-8499.63	7.35	14.31	3.79	35.72	35.78	178105	12672.0	2328.0	15000.0
48.2	27.3	-8499.63	7.35	14.31	3.79	35.72	35.78	178106	12673.0	2327.0	15000.0
48.2	27.3	-8499.63	7.35	14.31	3.79	35.72	35.78	178107	12674.0	2326.0	15000.0
48.2	27.3	-8499.63	7.35	14.31	3.79	35.72	35.78	178108	12675.0	2325.0	15000.0
48.2	27.3	-8495.36	7.34	14.28	3.99	36.22	35.77	178109	12676.0	2324.0	15000.0
48.2	27.3	-8495.36	7.34	14.28	3.99	36.22	35.78	178110	12677.0	2323.0	15000.0
48.2	27.3	-8497.07	7.34	14.28	3.99	36.25	35.78	178111	12678.0	2322.0	15000.0
48.2	27.3	-8497.07	7.34	14.28	3.99	36.25	35.78	178112	12679.0	2321.0	15000.0
48.2	27.3	-8495.36	7.32	14.28	3.89	36.33	35.77	178113	12680.0	2320.0	15000.0
48.2	27.3	-8495.36	7.32	14.28	3.89	36.33	35.76	178114	12681.0	2319.0	15000.0
48.2	27.3	-8503.05	7.34	14.37	4.13	34.76	35.76	178115	12682.0	2318.0	15000.0
48.2	27.3	-8503.05	7.34	14.37	4.13	34.76	35.76	178116	12683.0	2317.0	15000.0
48.2	27.3	-8496.64	7.33	14.32	3.56	35.95	35.76	178117	12684.0	2316.0	15000.0
48.2	27.3	-8496.64	7.33	14.32	3.56	35.95	35.76	178118	12685.0	2315.0	15000.0
48.2	27.3	-8495.79	7.33	14.28	4.02	36.42	35.76	178119	12686.0	2314.0	15000.0
48.2	27.3	-8495.79	7.33	14.28	4.02	36.42	35.76	178120	12687.0	2313.0	15000.0
48.21	27.3	-8491.94	7.36	14.28	3.88	37.59	35.76	178121	12688.0	2312.0	15000.0
48.22	27.3	-8491.94	7.36	14.28	3.88	37.59	35.75	178122	12689.0	2311.0	15000.0
48.23	27.3	-8495.36	7.32	14.35	4.14	35.2	35.75	178123	12690.0	2310.0	15000.0
48.25	27.3	-8495.36	7.32	14.35	4.14	35.2	35.75	178124	12691.0	2309.0	15000.0
48.26	27.3	-8498.78	7.29	14.38	4.94	35.07	35.75	178125	12692.0	2308.0	15000.0
48.27	27.3	-8498.78	7.29	14.38	4.94	35.07	35.75	178126	12693.0	2307.0	15000.0
48.29	27.3	-8497.92	7.37	14.33	3.74	35.42	35.75	178127	12694.0	2306.0	15000.0
48.29	27.3	-8497.92	7.37	14.33	3.74	35.42	35.74	178128	12695.0	2305.0	15000.0
48.3	27.3	-8493.65	7.33	14.27	3.82	36.37	35.74	178129	12696.0	2304.0	15000.0
48.3	27.3	-8493.65	7.33	14.27	3.82	36.37	35.74	178130	12697.0	2303.0	15000.0
48.29	27.3	-8492.37	7.34	14.29	4.16	36.81	35.74	178131	12698.0	2302.0	15000.0
48.28	27.3	-8492.37	7.34	14.29	4.16	36.81	35.74	178132	12699.0	2301.0	15000.0
48.27	27.3	-8492.8	7.29	14.34	4.38	35.71	35.74	178133	12700.0	2300.0	15000.0
48.25	27.3	-8492.8	7.29	14.34	4.38	35.71	35.74	178134	12701.0	2299.0	15000.0
48.23	27.3	-8492.8	7.29	14.34	4.38	35.71	35.74	178135	12702.0	2298.0	15000.0
48.22	27.3	-8492.8	7.29	14.34	4.38	35.71	35.74	178136	12703.0	2297.0	15000.0
48.21	27.3	-8502.2	7.27	14.35	5.26	35.39	35.73	178137	12704.0	2296.0	15000.0
48.2	27.3	-8502.2	7.27	14.35	5.26	35.39	35.73	178138	12705.0	2295.0	15000.0
48.2	27.3	-8496.64	7.31	14.37	3.99	34.27	35.73	178139	12706.0	2294.0	15000.0
48.21	27.3	-8496.64	7.31	14.37	3.99	34.27	35.72	178140	12707.0	2293.0	15000.0
48.21	27.3	-8497.5	7.37	14.32	3.52	35.82	35.72	178141	12708.0	2292.0	15000.0
48.22	27.3	-8497.5	7.37	14.32	3.52	35.82	35.72	178142	12709.0	2291.0	15000.0
48.24	27.3	-8496.64	7.33	14.29	4.38	37.01	35.73	178143	12710.0	2290.0	15000.0
48.25	27.3	-8496.64	7.33	14.29	4.38	37.01	35.72	178144	12711.0	2289.0	15000.0
48.26	27.3	-8492.37	7.27	14.3	3.99	35.64	35.72	178145	12712.0	2288.0	15000.0
48.28	27.3	-8492.37	7.27	14.3	3.99	35.64	35.72	178146	12713.0	2287.0	15000.0
48.29	27.3	-8502.2	7.3	14.35	4.19	35.09	35.72	178147	12714.0	2286.0	15000.0
48.29	27.3	-8502.2	7.3	14.35	4.19	35.09	35.71	178148	12715.0	2285.0	15000.0
48.3	27.3	-8499.2	7.34	14.29	3.24	36.4	35.71	178149	12716.0	2284.0	15000.0
48.3	27.3	-8499.2	7.34	14.29	3.24	36.4	35.71	178150	12717.0	2283.0	15000.0
48.3	27.3	-8494.93	7.36	14.28	4.03	36.19	35.72	178151	12718.0	2282.0	15000.0
48.3	27.3	-8494.93	7.36	14.28	4.03	36.19	35.71	178152	12719.0	2281.0	15000.0
48.3	27.3	-8498.35	7.28	14.3	5.21	36.92	35.71	178153	12720.0	2280.0	15000.0
48.3	27.3	-8498.35	7.28	14.3	5.21	36.92	35.71	178154	12721.0	2279.0	15000.0
48.3	27.3	-8494.93	7.34	14.29	4.0	36.52	35.71	178155	12722.0	2278.0	15000.0
48.29	27.3	-8494.93	7.34	14.29	4.0	36.52	35.71	178156	12723.0	2277.0	15000.0
48.29	27.3	-8497.07	7.34	14.38	4.54	34.79	35.71	178157	12724.0	2276.0	15000.0
48.3	27.3	-8497.07	7.34	14.38	4.54	34.79	35.71	178158	12725.0	2275.0	15000.0
48.3	27.3	-8497.07	7.38	14.34	2.79	35.35	35.7	178159	12726.0	2274.0	15000.0
48.31	27.3	-8497.07	7.38	14.34	2.79	35.35	35.7	178160	12727.0	2273.0	15000.0
48.32	27.3	-8497.07	7.38	14.34	2.79	35.35	35.7	178161	12728.0	2272.0	15000.0
48.33	27.3	-8497.07	7.38	14.34	2.79	35.35	35.69	178162	12729.0	2271.0	15000.0
48.34	27.3	-8497.92	7.36	14.3	4.57	36.2	35.69	178163	12730.0	2270.0	15000.0
48.36	27.3	-8497.92	7.36	14.3	4.57	36.2	35.69	178164	12731.0	2269.0	15000.0
48.37	27.3	-8496.21	7.31	14.34	5.01	35.68	35.69	178165	12732.0	2268.0	15000.0
48.38	27.3	-8496.21	7.31	14.34	5.01	35.68	35.7	178166	12733.0	2267.0	15000.0
48.39	27.3	-8495.36	7.32	14.29	3.84	35.89	35.7	178167	12734.0	2266.0	15000.0
48.4	27.3	-8495.36	7.32	14.29	3.84	35.89	35.69	178168	12735.0	2265.0	15000.0
48.4	27.2	-8497.92	7.36	14.35	3.85	35.73	35.68	178169	12736.0	2264.0	15000.0
48.4	27.2	-8497.92	7.36	14.35	3.85	35.73	35.68	178170	12737.0	2263.0	15000.0
48.4	27.2	-8503.05	7.35	14.33	3.88	35.65	35.68	178171	12738.0	2262.0	15000.0
48.4	27.2	-8503.05	7.35	14.33	3.88	35.65	35.67	178172	12739.0	2261.0	15000.0
48.4	27.2	-8499.2	7.32	14.29	3.14	36.07	35.67	178173	12740.0	2260.0	15000.0
48.4	27.2	-8499.2	7.32	14.29	3.14	36.07	35.67	178174	12741.0	2259.0	15000.0
48.4	27.2	-8492.8	7.37	14.32	4.21	35.92	35.67	178175	12742.0	2258.0	15000.0
48.4	27.2	-8492.8	7.37	14.32	4.21	35.92	35.67	178176	12743.0	2257.0	15000.0
48.4	27.2	-8491.51	7.33	14.29	3.85	37.33	35.67	178177	12744.0	2256.0	15000.0
48.4	27.2	-8491.51	7.33	14.29	3.85	37.33	35.67	178178	12745.0	2255.0	15000.0
48.4	27.2	-8494.5	7.34	14.27	3.96	36.74	35.67	178179	12746.0	2254.0	15000.0
48.4	27.2	-8494.5	7.34	14.27	3.96	36.74	35.67	178180	12747.0	2253.0	15000.0
48.4	27.2	-8500.06	7.3	14.34	4.58	34.89	35.66	178181	12748.0	2252.0	15000.0
48.4	27.2	-8500.06	7.3	14.34	4.58	34.89	35.66	178182	12749.0	2251.0	15000.0
48.4	27.2	-8497.92	7.39	14.34	2.77	35.37	35.66	178183	12750.0	2250.0	15000.0
48.4	27.2	-8497.92	7.39	14.34	2.77	35.37	35.65	178184	12751.0	2249.0	15000.0
48.4	27.2	-8498.35	7.35	14.31	4.16	36.42	35.65	178185	12752.0	2248.0	15000.0
48.4	27.2	-8498.35	7.35	14.31	4.16	36.42	35.65	178186	12753.0	2247.0	15000.0
48.4	27.2	-8495.79	7.3	14.31	4.61	36.31	35.66	178187	12754.0	2246.0	15000.0
48.4	27.2	-8495.79	7.3	14.31	4.61	36.31	35.66	178188	12755.0	2245.0	15000.0
48.4	27.3	-8493.65	7.34	14.31	3.89	35.75	35.66	178189	12756.0	2244.0	15000.0
48.4	27.3	-8493.65	7.34	14.31	3.89	35.75	35.65	178190	12757.0	2243.0	15000.0
48.41	27.3	-8496.64	7.3	14.31	4.67	36.32	35.64	178191	12758.0	2242.0	15000.0
48.42	27.3	-8496.64	7.3	14.31	4.67	36.32	35.64	178192	12759.0	2241.0	15000.0
48.43	27.3	-8495.79	7.38	14.29	3.55	36.23	35.64	178193	12760.0	2240.0	15000.0
48.44	27.3	-8495.79	7.38	14.29	3.55	36.23	35.64	178194	12761.0	2239.0	15000.0
48.45	27.3	-8495.79	7.38	14.29	3.55	36.23	35.64	178195	12762.0	2238.0	15000.0
48.46	27.3	-8495.79	7.38	14.29	3.55	36.23	35.64	178196	12763.0	2237.0	15000.0
48.48	27.3	-8494.93	7.35	14.29	4.21	37.14	35.63	178197	12764.0	2236.0	15000.0
48.49	27.3	-8494.93	7.35	14.29	4.21	37.14	35.63	178198	12765.0	2235.0	15000.0
48.5	27.3	-8494.5	7.27	14.3	4.66	36.04	35.63	178199	12766.0	2234.0	15000.0
48.51	27.3	-8494.5	7.27	14.3	4.66	36.04	35.63	178200	12767.0	2233.0	15000.0
48.52	27.3	-8498.35	7.3	14.31	4.26	36.03	35.63	178201	12768.0	2232.0	15000.0
48.53	27.3	-8498.35	7.3	14.31	4.26	36.03	35.63	178202	12769.0	2231.0	15000.0
48.54	27.3	-8499.2	7.35	14.37	4.07	34.29	35.62	178203	12770.0	2230.0	15000.0
48.55	27.3	-8499.2	7.35	14.37	4.07	34.29	35.62	178204	12771.0	2229.0	15000.0
48.56	27.3	-8492.8	7.4	14.29	3.72	36.22	35.63	178205	12772.0	2228.0	15000.0
48.57	27.3	-8492.8	7.4	14.29	3.72	36.22	35.63	178206	12773.0	2227.0	15000.0
48.58	27.3	-8496.21	7.34	14.28	4.0	36.52	35.62	178207	12774.0	2226.0	15000.0
48.59	27.3	-8496.21	7.34	14.28	4.0	36.52	35.63	178208	12775.0	2225.0	15000.0
48.6	27.2	-8492.37	7.37	14.29	3.5	35.99	35.63	178209	12776.0	2224.0	15000.0
48.6	27.2	-8492.37	7.37	14.29	3.5	35.99	35.62	178210	12777.0	2223.0	15000.0
48.6	27.2	-8500.06	7.31	14.33	4.13	36.0	35.61	178211	12778.0	2222.0	15000.0
48.59	27.2	-8500.06	7.31	14.33	4.13	36.0	35.61	178212	12779.0	2221.0	15000.0
48.58	27.2	-8502.62	7.31	14.32	4.38	35.79	35.61	178213	12780.0	2220.0	15000.0
48.56	27.2	-8502.62	7.31	14.32	4.38	35.79	35.6	178214	12781.0	2219.0	15000.0
48.54	27.2	-8494.5	7.37	14.3	3.03	36.54	35.6	178215	12782.0	2218.0	15000.0
48.52	27.2	-8494.5	7.37	14.3	3.03	36.54	35.6	178216	12783.0	2217.0	15000.0
48.51	27.2	-8495.36	7.34	14.31	3.77	35.9	35.61	178217	12784.0	2216.0	15000.0
48.5	27.2	-8495.36	7.34	14.31	3.77	35.9	35.61	178218	12785.0	2215.0	15000.0
48.5	27.2	-8494.08	7.28	14.32	5.56	35.9	35.61	178219	12786.0	2214.0	15000.0
48.51	27.2	-8494.08	7.28	14.32	5.56	35.9	35.6	178220	12787.0	2213.0	15000.0
48.51	27.2	-8492.8	7.32	14.28	4.1	36.19	35.59	178221	12788.0	2212.0	15000.0
48.53	27.2	-8492.8	7.32	14.28	4.1	36.19	35.59	178222	12789.0	2211.0	15000.0
48.54	27.2	-8492.8	7.32	14.28	4.1	36.19	35.59	178223	12790.0	2210.0	15000.0
48.55	27.2	-8492.8	7.32	14.28	4.1	36.19	35.6	178224	12791.0	2209.0	15000.0
48.57	27.2	-8497.5	7.32	14.33	4.51	35.13	35.6	178225	12792.0	2208.0	15000.0
48.58	27.2	-8497.5	7.32	14.33	4.51	35.13	35.59	178226	12793.0	2207.0	15000.0
48.59	27.2	-8498.78	7.35	14.32	3.28	35.62	35.58	178227	12794.0	2206.0	15000.0
48.6	27.2	-8498.78	7.35	14.32	3.28	35.62	35.59	178228	12795.0	2205.0	15000.0
48.6	27.2	-8498.78	7.36	14.32	4.23	36.29	35.59	178229	12796.0	2204.0	15000.0
48.6	27.2	-8498.78	7.36	14.32	4.23	36.29	35.58	178230	12797.0	2203.0	15000.0
48.6	27.2	-8491.94	7.32	14.29	5.32	36.62	35.58	178231	12798.0	2202.0	15000.0
48.6	27.2	-8491.94	7.32	14.29	5.32	36.62	35.58	178232	12799.0	2201.0	15000.0
48.6	27.2	-8502.2	7.32	14.36	4.68	34.91	35.58	178233	12800.0	2200.0	15000.0
48.6	27.2	-8502.2	7.32	14.36	4.68	34.91	35.57	178234	12801.0	2199.0	15000.0
48.6	27.2	-8497.92	7.35	14.31	3.24	36.1	35.57	178235	12802.0	2198.0	15000.0
48.6	27.2	-8497.92	7.35	14.31	3.24	36.1	35.56	178236	12803.0	2197.0	15000.0
48.6	27.2	-8496.64	7.36	14.3	4.03	36.15	35.56	178237	12804.0	2196.0	15000.0
48.6	27.2	-8496.64	7.36	14.3	4.03	36.15	35.56	178238	12805.0	2195.0	15000.0
48.6	27.2	-8495.79	7.26	14.3	5.22	36.4	35.57	178239	12806.0	2194.0	15000.0
48.6	27.2	-8495.79	7.26	14.3	5.22	36.4	35.57	178240	12807.0	2193.0	15000.0
48.6	27.2	-8498.35	7.33	14.34	4.02	35.31	35.58	178241	12808.0	2192.0	15000.0
48.6	27.2	-8498.35	7.33	14.34	4.02	35.31	35.57	178242	12809.0	2191.0	15000.0
48.6	27.2	-8499.63	7.32	14.33	4.03	36.23	35.55	178243	12810.0	2190.0	15000.0
48.6	27.2	-8499.63	7.32	14.33	4.03	36.23	35.55	178244	12811.0	2189.0	15000.0
48.6	27.2	-8497.07	7.35	14.35	4.09	34.68	35.55	178245	12812.0	2188.0	15000.0
48.6	27.2	-8497.07	7.35	14.35	4.09	34.68	35.55	178246	12813.0	2187.0	15000.0
48.6	27.2	-8496.21	7.36	14.31	3.98	35.62	35.55	178247	12814.0	2186.0	15000.0
48.6	27.2	-8496.21	7.36	14.31	3.98	35.62	35.55	178248	12815.0	2185.0	15000.0
48.6	27.2	-8494.5	7.35	14.27	4.08	37.75	35.56	178249	12816.0	2184.0	15000.0
48.6	27.2	-8494.5	7.35	14.27	4.08	37.75	35.55	178250	12817.0	2183.0	15000.0
48.61	27.2	-8493.65	7.3	14.27	4.7	36.25	35.54	178251	12818.0	2182.0	15000.0
48.62	27.2	-8493.65	7.3	14.27	4.7	36.25	35.54	178252	12819.0	2181.0	15000.0
48.64	27.2	-8495.36	7.31	14.31	4.23	36.14	35.54	178253	12820.0	2180.0	15000.0
48.65	27.2	-8495.36	7.31	14.31	4.23	36.14	35.54	178254	12821.0	2179.0	15000.0
48.66	27.2	-8495.36	7.31	14.31	4.23	36.14	35.54	178255	12822.0	2178.0	15000.0
48.68	27.2	-8495.36	7.31	14.31	4.23	36.14	35.53	178256	12823.0	2177.0	15000.0
48.69	27.2	-8497.07	7.33	14.36	3.97	34.86	35.53	178257	12824.0	2176.0	15000.0
48.7	27.2	-8497.07	7.33	14.36	3.97	34.86	35.53	178258	12825.0	2175.0	15000.0
48.7	27.3	-8497.07	7.3	14.26	4.63	36.06	35.53	178259	12826.0	2174.0	15000.0
48.7	27.3	-8497.07	7.3	14.26	4.63	36.06	35.53	178260	12827.0	2173.0	15000.0
48.7	27.3	-8488.95	7.34	14.28	4.0	36.89	35.53	178261	12828.0	2172.0	15000.0
48.7	27.3	-8488.95	7.34	14.28	4.0	36.89	35.53	178262	12829.0	2171.0	15000.0
48.7	27.3	-8494.93	7.34	14.31	3.68	35.64	35.53	178263	12830.0	2170.0	15000.0
48.7	27.3	-8494.93	7.34	14.31	3.68	35.64	35.52	178264	12831.0	2169.0	15000.0
48.7	27.3	-8501.34	7.28	14.32	4.88	35.76	35.52	178265	12832.0	2168.0	15000.0
48.7	27.3	-8501.34	7.28	14.32	4.88	35.76	35.52	178266	12833.0	2167.0	15000.0
48.7	27.3	-8499.63	7.33	14.33	3.59	35.24	35.52	178267	12834.0	2166.0	15000.0
48.7	27.3	-8499.63	7.33	14.33	3.59	35.24	35.52	178268	12835.0	2165.0	15000.0
48.7	27.3	-8493.65	7.37	14.34	4.29	36.0	35.52	178269	12836.0	2164.0	15000.0
48.7	27.3	-8493.65	7.37	14.34	4.29	36.0	35.52	178270	12837.0	2163.0	15000.0
48.7	27.3	-8492.8	7.37	14.29	3.6	36.86	35.52	178271	12838.0	2162.0	15000.0
48.7	27.3	-8492.8	7.37	14.29	3.6	36.86	35.52	178272	12839.0	2161.0	15000.0
48.7	27.3	-8491.94	7.36	14.28	3.59	37.08	35.52	178273	12840.0	2160.0	15000.0
48.7	27.3	-8491.94	7.36	14.28	3.59	37.08	35.52	178274	12841.0	2159.0	15000.0
48.7	27.3	-8500.06	7.38	14.39	4.02	34.63	35.51	178275	12842.0	2158.0	15000.0
48.7	27.3	-8500.06	7.38	14.39	4.02	34.63	35.51	178276	12843.0	2157.0	15000.0
48.7	27.3	-8500.06	7.38	14.39	4.02	34.63	35.51	178277	12844.0	2156.0	15000.0
48.7	27.3	-8500.06	7.38	14.39	4.02	34.63	35.5	178278	12845.0	2155.0	15000.0
48.7	27.3	-8493.65	7.33	14.28	3.92	36.39	35.5	178279	12846.0	2154.0	15000.0
48.7	27.3	-8493.65	7.33	14.28	3.92	36.39	35.5	178280	12847.0	2153.0	15000.0
48.7	27.3	-8488.95	7.31	14.31	5.17	35.9	35.5	178281	12848.0	2152.0	15000.0
48.7	27.3	-8488.95	7.31	14.31	5.17	35.9	35.49	178282	12849.0	2151.0	15000.0
48.7	27.3	-8500.49	7.32	14.35	4.21	35.15	35.49	178283	12850.0	2150.0	15000.0
48.7	27.3	-8500.49	7.32	14.35	4.21	35.15	35.49	178284	12851.0	2149.0	15000.0
48.7	27.3	-8500.49	7.32	14.35	4.21	35.15	35.49	178285	12852.0	2148.0	15000.0
48.7	27.3	-8500.49	7.32	14.35	4.21	35.15	35.49	178286	12853.0	2147.0	15000.0
48.7	27.3	-8502.2	7.28	14.34	4.18	35.51	35.5	178287	12854.0	2146.0	15000.0
48.7	27.3	-8502.2	7.28	14.34	4.18	35.51	35.49	178288	12855.0	2145.0	15000.0
48.7	27.2	-8499.63	7.33	14.28	3.26	36.36	35.48	178289	12856.0	2144.0	15000.0
48.7	27.2	-8499.63	7.33	14.28	3.26	36.36	35.48	178290	12857.0	2143.0	15000.0
48.7	27.2	-8497.5	7.33	14.32	3.49	35.35	35.49	178291	12858.0	2142.0	15000.0
48.7	27.2	-8497.5	7.33	14.32	3.49	35.35	35.49	178292	12859.0	2141.0	15000.0
48.7	27.2	-8497.92	7.34	14.29	3.63	36.65	35.49	178293	12860.0	2140.0	15000.0
48.7	27.2	-8497.92	7.34	14.29	3.63	36.65	35.48	178294	12861.0	2139.0	15000.0
48.7	27.2	-8491.09	7.34	14.28	4.36	36.63	35.48	178295	12862.0	2138.0	15000.0
48.7	27.2	-8491.09	7.34	14.28	4.36	36.63	35.47	178296	12863.0	2137.0	15000.0
48.7	27.2	-8499.63	7.31	14.37	4.13	35.19	35.47	178297	12864.0	2136.0	15000.0
48.7	27.2	-8499.63	7.31	14.37	4.13	35.19	35.47	178298	12865.0	2135.0	15000.0
48.7	27.3	-8493.65	7.35	14.35	3.14	35.02	35.47	178299	12866.0	2134.0	15000.0
48.7	27.3	-8493.65	7.35	14.35	3.14	35.02	35.47	178300	12867.0	2133.0	15000.0
48.7	27.3	-8493.22	7.33	14.29	4.32	36.17	35.46	178301	12868.0	2132.0	15000.0
48.7	27.3	-8493.22	7.33	14.29	4.32	36.17	35.47	178302	12869.0	2131.0	15000.0
48.7	27.3	-8494.93	7.26	14.31	4.69	36.32	35.48	178303	12870.0	2130.0	15000.0
48.7	27.3	-8494.93	7.26	14.31	4.69	36.32	35.47	178304	12871.0	2129.0	15000.0
48.7	27.3	-8499.2	7.32	14.33	3.82	35.62	35.46	178305	12872.0	2128.0	15000.0
48.7	27.3	-8499.2	7.32	14.33	3.82	35.62	35.45	178306	12873.0	2127.0	15000.0
48.7	27.3	-8494.08	7.32	14.31	4.24	36.04	35.45	178307	12874.0	2126.0	15000.0
48.7	27.3	-8494.08	7.32	14.31	4.24	36.04	35.45	178308	12875.0	2125.0	15000.0
48.7	27.2	-8503.48	7.36	14.32	3.73	35.18	35.45	178309	12876.0	2124.0	15000.0
48.7	27.2	-8503.48	7.36	14.32	3.73	35.18	35.45	178310	12877.0	2123.0	15000.0
48.71	27.2	-8496.64	7.37	14.35	3.5	35.64	35.45	178311	12878.0	2122.0	15000.0
48.72	27.2	-8496.64	7.37	14.35	3.5	35.64	35.45	178312	12879.0	2121.0	15000.0
48.74	27.2	-8490.23	7.32	14.3	4.52	36.73	35.45	178313	12880.0	2120.0	15000.0
48.75	27.2	-8490.23	7.32	14.3	4.52	36.73	35.45	178314	12881.0	2119.0	15000.0
48.76	27.2	-8494.5	7.32	14.26	4.63	36.28	35.44	178315	12882.0	2118.0	15000.0
48.78	27.2	-8494.5	7.32	14.26	4.63	36.28	35.44	178316	12883.0	2117.0	15000.0
48.79	27.2	-8494.5	7.33	14.31	3.94	35.81	35.44	178317	12884.0	2116.0	15000.0
48.8	27.2	-8494.5	7.33	14.31	3.94	35.81	35.45	178318	12885.0	2115.0	15000.0
48.8	27.2	-8498.78	7.33	14.36	3.95	34.55	35.45	178319	12886.0	2114.0	15000.0
48.8	27.2	-8498.78	7.33	14.36	3.95	34.55	35.45	178320	12887.0	2113.0	15000.0
48.79	27.2	-8497.07	7.34	14.26	3.55	37.22	35.44	178321	12888.0	2112.0	15000.0
48.78	27.2	-8497.07	7.34	14.26	3.55	37.22	35.44	178322	12889.0	2111.0	15000.0
48.77	27.2	-8497.07	7.34	14.26	3.55	37.22	35.44	178323	12890.0	2110.0	15000.0
48.75	27.2	-8497.07	7.34	14.26	3.55	37.22	35.43	178324	12891.0	2109.0	15000.0
48.74	27.2	-8491.94	7.36	14.31	3.66	35.79	35.43	178325	12892.0	2108.0	15000.0
48.73	27.2	-8491.94	7.36	14.31	3.66	35.79	35.43	178326	12893.0	2107.0	15000.0
48.71	27.2	-8491.94	7.36	14.31	3.66	35.79	35.43	178327	12894.0	2106.0	15000.0
48.71	27.2	-8491.94	7.36	14.31	3.66	35.79	35.43	178328	12895.0	2105.0	15000.0
48.7	27.2	-8497.92	7.34	14.33	4.29	35.72	35.43	178329	12896.0	2104.0	15000.0
48.7	27.2	-8497.92	7.34	14.33	4.29	35.72	35.42	178330	12897.0	2103.0	15000.0
48.69	27.2	-8494.08	7.32	14.32	3.71	36.45	35.41	178331	12898.0	2102.0	15000.0
48.69	27.2	-8494.08	7.32	14.32	3.71	36.45	35.41	178332	12899.0	2101.0	15000.0
48.69	27.2	-8491.94	7.34	14.27	3.62	36.88	35.42	178333	12900.0	2100.0	15000.0
48.69	27.2	-8491.94	7.34	14.27	3.62	36.88	35.42	178334	12901.0	2099.0	15000.0
48.69	27.2	-8501.34	7.3	14.3	4.13	36.05	35.42	178335	12902.0	2098.0	15000.0
48.69	27.2	-8501.34	7.3	14.3	4.13	36.05	35.41	178336	12903.0	2097.0	15000.0
48.69	27.2	-8499.63	7.32	14.29	4.05	36.45	35.4	178337	12904.0	2096.0	15000.0
48.7	27.2	-8499.63	7.32	14.29	4.05	36.45	35.4	178338	12905.0	2095.0	15000.0
48.7	27.3	-8497.5	7.29	14.36	4.6	35.0	35.41	178339	12906.0	2094.0	15000.0
48.71	27.3	-8497.5	7.29	14.36	4.6	35.0	35.4	178340	12907.0	2093.0	15000.0
48.72	27.3	-8500.91	7.36	14.29	3.28	36.01	35.39	178341	12908.0	2092.0	15000.0
48.73	27.3	-8500.91	7.36	14.29	3.28	36.01	35.4	178342	12909.0	2091.0	15000.0
48.74	27.3	-8495.36	7.37	14.27	3.82	36.86	35.41	178343	12910.0	2090.0	15000.0
48.76	27.3	-8495.36	7.37	14.27	3.82	36.86	35.4	178344	12911.0	2089.0	15000.0
48.77	27.3	-8488.52	7.33	14.33	4.88	35.78	35.4	178345	12912.0	2088.0	15000.0
48.78	27.3	-8488.52	7.33	14.33	4.88	35.78	35.39	178346	12913.0	2087.0	15000.0
48.79	27.3	-8491.09	7.31	14.34	4.24	35.25	35.39	178347	12914.0	2086.0	15000.0
48.8	27.3	-8491.09	7.31	14.34	4.24	35.25	35.39	178348	12915.0	2085.0	15000.0
48.8	27.3	-8500.49	7.29	14.34	4.76	35.32	35.38	178349	12916.0	2084.0	15000.0
48.8	27.3	-8500.49	7.29	14.34	4.76	35.32	35.38	178350	12917.0	2083.0	15000.0
48.8	27.3	-8500.49	7.38	14.3	2.94	35.94	35.38	178351	12918.0	2082.0	15000.0
48.8	27.3	-8500.49	7.38	14.3	2.94	35.94	35.37	178352	12919.0	2081.0	15000.0
48.8	27.3	-8492.37	7.31	14.33	4.21	35.63	35.37	178353	12920.0	2080.0	15000.0
48.8	27.3	-8492.37	7.31	14.33	4.21	35.63	35.38	178354	12921.0	2079.0	15000.0
48.8	27.3	-8491.94	7.33	14.32	5.44	35.98	35.39	178355	12922.0	2078.0	15000.0
48.8	27.3	-8491.94	7.33	14.32	5.44	35.98	35.39	178356	12923.0	2077.0	15000.0
48.8	27.3	-8491.94	7.33	14.32	5.44	35.98	35.39	178357	12924.0	2076.0	15000.0
48.8	27.3	-8491.94	7.33	14.32	5.44	35.98	35.38	178358	12925.0	2075.0	15000.0
48.8	27.2	-8493.22	7.32	14.28	4.24	36.25	35.37	178359	12926.0	2074.0	15000.0
48.8	27.2	-8493.22	7.32	14.28	4.24	36.25	35.37	178360	12927.0	2073.0	15000.0
48.8	27.2	-8499.63	7.35	14.37	3.46	34.96	35.38	178361	12928.0	2072.0	15000.0
48.8	27.2	-8499.63	7.35	14.37	3.46	34.96	35.38	178362	12929.0	2071.0	15000.0
48.8	27.2	-8493.22	7.38	14.33	3.14	35.83	35.38	178363	12930.0	2070.0	15000.0
48.8	27.2	-8493.22	7.38	14.33	3.14	35.83	35.37	178364	12931.0	2069.0	15000.0
48.8	27.2	-8497.5	7.3	14.27	4.83	36.7	35.37	178365	12932.0	2068.0	15000.0
48.8	27.2	-8497.5	7.3	14.27	4.83	36.7	35.36	178366	12933.0	2067.0	15000.0
48.8	27.2	-8499.63	7.29	14.31	3.95	35.33	35.36	178367	12934.0	2066.0	15000.0
48.8	27.2	-8499.63	7.29	14.31	3.95	35.33	35.36	178368	12935.0	2065.0	15000.0
48.8	27.2	-8495.36	7.35	14.35	4.5	35.73	35.36	178369	12936.0	2064.0	15000.0
48.8	27.2	-8495.36	7.35	14.35	4.5	35.73	35.36	178370	12937.0	2063.0	15000.0
48.81	27.2	-8501.77	7.35	14.35	3.69	35.4	35.35	178371	12938.0	2062.0	15000.0
48.82	27.2	-8501.77	7.35	14.35	3.69	35.4	35.34	178372	12939.0	2061.0	15000.0
48.84	27.2	-8496.21	7.32	14.31	4.45	36.02	35.34	178373	12940.0	2060.0	15000.0
48.85	27.2	-8496.21	7.32	14.31	4.45	36.02	35.34	178374	12941.0	2059.0	15000.0
48.86	27.2	-8491.09	7.33	14.3	4.99	36.8	35.35	178375	12942.0	2058.0	15000.0
48.88	27.2	-8491.09	7.33	14.3	4.99	36.8	35.34	178376	12943.0	2057.0	15000.0
48.89	27.2	-8498.78	7.32	14.35	4.49	35.82	35.34	178377	12944.0	2056.0	15000.0
48.9	27.2	-8498.78	7.32	14.35	4.49	35.82	35.34	178378	12945.0	2055.0	15000.0
48.9	27.3	-8502.62	7.28	14.32	3.97	36.25	35.34	178379	12946.0	2054.0	15000.0
48.9	27.3	-8502.62	7.28	14.32	3.97	36.25	35.34	178380	12947.0	2053.0	15000.0
48.9	27.3	-8495.79	7.36	14.33	3.61	35.05	35.34	178381	12948.0	2052.0	15000.0
48.9	27.3	-8495.79	7.36	14.33	3.61	35.05	35.33	178382	12949.0	2051.0	15000.0
48.9	27.3	-8493.65	7.33	14.33	3.53	35.7	35.32	178383	12950.0	2050.0	15000.0
48.9	27.3	-8493.65	7.33	14.33	3.53	35.7	35.32	178384	12951.0	2049.0	15000.0
48.9	27.3	-8493.65	7.33	14.33	3.53	35.7	35.32	178385	12952.0	2048.0	15000.0
48.9	27.3	-8493.65	7.33	14.33	3.53	35.7	35.33	178386	12953.0	2047.0	15000.0
48.9	27.3	-8493.65	7.35	14.27	3.53	37.04	35.33	178387	12954.0	2046.0	15000.0
48.9	27.3	-8493.65	7.35	14.27	3.53	37.04	35.33	178388	12955.0	2045.0	15000.0
48.9	27.2	-8498.35	7.29	14.27	5.4	36.5	35.33	178389	12956.0	2044.0	15000.0
48.9	27.2	-8498.35	7.29	14.27	5.4	36.5	35.33	178390	12957.0	2043.0	15000.0
48.9	27.2	-8494.93	7.33	14.36	3.31	35.68	35.33	178391	12958.0	2042.0	15000.0
48.9	27.2	-8494.93	7.33	14.36	3.31	35.68	35.33	178392	12959.0	2041.0	15000.0
48.9	27.2	-8502.2	7.32	14.33	4.08	35.17	35.33	178393	12960.0	2040.0	15000.0
48.9	27.2	-8502.2	7.32	14.33	4.08	35.17	35.32	178394	12961.0	2039.0	15000.0
48.9	27.2	-8494.93	7.3	14.29	3.62	36.23	35.31	178395	12962.0	2038.0	15000.0
48.9	27.2	-8494.93	7.3	14.29	3.62	36.23	35.31	178396	12963.0	2037.0	15000.0
48.9	27.2	-8493.65	7.37	14.32	3.62	36.18	35.31	178397	12964.0	2036.0	15000.0
48.9	27.2	-8493.65	7.37	14.32	3.62	36.18	35.32	178398	12965.0	2035.0	15000.0
48.9	27.2	-8494.08	7.3	14.34	4.75	35.32	35.32	178399	12966.0	2034.0	15000.0
48.9	27.2	-8494.08	7.3	14.34	4.75	35.32	35.31	178400	12967.0	2033.0	15000.0
48.9	27.2	-8495.79	7.34	14.32	4.2	35.83	35.3	178401	12968.0	2032.0	15000.0
48.9	27.2	-8495.79	7.34	14.32	4.2	35.83	35.3	178402	12969.0	2031.0	15000.0
48.9	27.2	-8500.49	7.3	14.36	4.99	35.12	35.3	178403	12970.0	2030.0	15000.0
48.9	27.2	-8500.49	7.3	14.36	4.99	35.12	35.3	178404	12971.0	2029.0	15000.0
48.9	27.2	-8500.91	7.38	14.37	2.72	35.11	35.3	178405	12972.0	2028.0	15000.0
48.9	27.2	-8500.91	7.38	14.37	2.72	35.11	35.3	178406	12973.0	2027.0	15000.0
48.9	27.2	-8497.07	7.38	14.31	4.35	36.39	35.29	178407	12974.0	2026.0	15000.0
48.9	27.2	-8497.07	7.38	14.31	4.35	36.39	35.3	178408	12975.0	2025.0	15000.0
48.9	27.3	-8495.36	7.28	14.28	4.77	36.92	35.3	178409	12976.0	2024.0	15000.0
48.9	27.3	-8495.36	7.28	14.28	4.77	36.92	35.3	178410	12977.0	2023.0	15000.0
48.9	27.3	-8503.48	7.31	14.35	3.96	35.56	35.29	178411	12978.0	2022.0	15000.0
48.9	27.3	-8503.48	7.31	14.35	3.96	35.56	35.28	178412	12979.0	2021.0	15000.0
48.9	27.3	-8495.79	7.34	14.35	4.16	35.12	35.28	178413	12980.0	2020.0	15000.0
48.9	27.3	-8495.79	7.34	14.35	4.16	35.12	35.28	178414	12981.0	2019.0	15000.0
48.9	27.3	-8495.79	7.37	14.29	3.98	36.4	35.29	178415	12982.0	2018.0	15000.0
48.9	27.3	-8495.79	7.37	14.29	3.98	36.4	35.29	178416	12983.0	2017.0	15000.0
48.9	27.3	-8495.79	7.37	14.29	3.98	36.4	35.29	178417	12984.0	2016.0	15000.0
48.9	27.3	-8495.79	7.37	14.29	3.98	36.4	35.29	178418	12985.0	2015.0	15000.0
48.9	27.3	-8493.65	7.31	14.31	3.88	35.95	35.29	178419	12986.0	2014.0	15000.0
48.9	27.3	-8493.65	7.31	14.31	3.88	35.95	35.28	178420	12987.0	2013.0	15000.0
48.9	27.3	-8498.35	7.34	14.31	4.1	36.34	35.27	178421	12988.0	2012.0	15000.0
48.9	27.3	-8498.35	7.34	14.31	4.1	36.34	35.27	178422	12989.0	2011.0	15000.0
48.9	27.3	-8498.35	7.34	14.31	4.1	36.34	35.27	178423	12990.0	2010.0	15000.0
48.9	27.3	-8498.35	7.34	14.31	4.1	36.34	35.27	178424	12991.0	2009.0	15000.0
48.9	27.3	-8497.92	7.36	14.33	4.1	35.07	35.27	178425	12992.0	2008.0	15000.0
48.9	27.3	-8497.92	7.36	14.33	4.1	35.07	35.27	178426	12993.0	2007.0	15000.0
48.9	27.3	-8497.5	7.39	14.36	2.75	35.1	35.26	178427	12994.0	2006.0	15000.0
48.9	27.3	-8497.5	7.39	14.36	2.75	35.1	35.25	178428	12995.0	2005.0	15000.0
48.9	27.2	-8500.49	7.32	14.32	4.27	36.04	35.25	178429	12996.0	2004.0	15000.0
48.9	27.2	-8500.49	7.32	14.32	4.27	36.04	35.25	178430	12997.0	2003.0	15000.0
48.9	27.2	-8490.66	7.3	14.29	4.63	37.02	35.26	178431	12998.0	2002.0	15000.0
48.9	27.2	-8490.66	7.3	14.29	4.63	37.02	35.26	178432	12999.0	2001.0	15000.0
48.9	27.2	-8495.79	7.3	14.31	3.78	35.85	35.26	178433	13000.0	2000.0	15000.0
48.9	27.2	-8495.79	7.3	14.31	3.78	35.85	35.25	178434	13001.0	1999.0	15000.0
48.9	27.2	-8495.79	7.32	14.36	4.0	35.28	35.25	178435	13002.0	1998.0	15000.0
48.9	27.2	-8495.79	7.32	14.36	4.0	35.28	35.25	178436	13003.0	1997.0	15000.0
48.9	27.2	-8499.2	7.36	14.29	3.06	36.14	35.25	178437	13004.0	1996.0	15000.0
48.9	27.2	-8499.2	7.36	14.29	3.06	36.14	35.25	178438	13005.0	1995.0	15000.0
48.9	27.2	-8501.77	7.32	14.31	3.47	36.23	35.25	178439	13006.0	1994.0	15000.0
48.9	27.2	-8501.77	7.32	14.31	3.47	36.23	35.25	178440	13007.0	1993.0	15000.0
48.91	27.2	-8498.78	7.3	14.3	3.49	36.04	35.24	178441	13008.0	1992.0	15000.0
48.92	27.2	-8498.78	7.3	14.3	3.49	36.04	35.24	178442	13009.0	1991.0	15000.0
48.94	27.2	-8492.8	7.31	14.3	4.57	36.17	35.25	178443	13010.0	1990.0	15000.0
48.95	27.2	-8492.8	7.31	14.3	4.57	36.17	35.24	178444	13011.0	1989.0	15000.0
48.96	27.2	-8492.8	7.3	14.3	4.29	36.34	35.23	178445	13012.0	1988.0	15000.0
48.98	27.2	-8492.8	7.3	14.3	4.29	36.34	35.23	178446	13013.0	1987.0	15000.0
48.99	27.2	-8500.91	7.34	14.34	4.19	34.6	35.23	178447	13014.0	1986.0	15000.0
49.0	27.2	-8500.91	7.34	14.34	4.19	34.6	35.23	178448	13015.0	1985.0	15000.0
49.0	27.3	-8500.91	7.34	14.34	4.19	34.6	35.23	178449	13016.0	1984.0	15000.0
49.0	27.3	-8500.91	7.34	14.34	4.19	34.6	35.23	178450	13017.0	1983.0	15000.0
49.0	27.3	-8495.36	7.32	14.36	3.89	35.7	35.22	178451	13018.0	1982.0	15000.0
49.0	27.3	-8495.36	7.32	14.36	3.89	35.7	35.22	178452	13019.0	1981.0	15000.0
49.0	27.3	-8494.08	7.34	14.29	3.86	36.54	35.23	178453	13020.0	1980.0	15000.0
49.0	27.3	-8494.08	7.34	14.29	3.86	36.54	35.22	178454	13021.0	1979.0	15000.0
49.0	27.3	-8494.08	7.32	14.32	3.86	35.45	35.22	178455	13022.0	1978.0	15000.0
49.0	27.3	-8494.08	7.32	14.32	3.86	35.45	35.22	178456	13023.0	1977.0	15000.0
49.0	27.3	-8498.35	7.31	14.34	4.09	35.13	35.22	178457	13024.0	1976.0	15000.0
49.0	27.3	-8498.35	7.31	14.34	4.09	35.13	35.23	178458	13025.0	1975.0	15000.0
49.0	27.3	-8494.93	7.33	14.32	4.22	36.09	35.23	178459	13026.0	1974.0	15000.0
49.0	27.3	-8494.93	7.33	14.32	4.22	36.09	35.22	178460	13027.0	1973.0	15000.0
49.0	27.3	-8494.5	7.36	14.28	4.56	36.47	35.22	178461	13028.0	1972.0	15000.0
49.0	27.3	-8494.5	7.36	14.28	4.56	36.47	35.21	178462	13029.0	1971.0	15000.0
49.0	27.3	-8491.09	7.32	14.33	4.55	35.41	35.21	178463	13030.0	1970.0	15000.0
49.0	27.3	-8491.09	7.32	14.33	4.55	35.41	35.2	178464	13031.0	1969.0	15000.0
49.0	27.3	-8495.36	7.32	14.34	4.46	35.35	35.2	178465	13032.0	1968.0	15000.0
49.0	27.3	-8495.36	7.32	14.34	4.46	35.35	35.2	178466	13033.0	1967.0	15000.0
49.0	27.3	-8498.78	7.33	14.34	4.47	35.71	35.2	178467	13034.0	1966.0	15000.0
49.0	27.3	-8498.78	7.33	14.34	4.47	35.71	35.2	178468	13035.0	1965.0	15000.0
49.0	27.3	-8500.06	7.34	14.36	3.2	34.74	35.2	178469	13036.0	1964.0	15000.0
49.0	27.3	-8500.06	7.34	14.36	3.2	34.74	35.2	178470	13037.0	1963.0	15000.0
49.0	27.3	-8492.37	7.33	14.32	3.68	36.03	35.19	178471	13038.0	1962.0	15000.0
49.0	27.3	-8492.37	7.33	14.32	3.68	36.03	35.19	178472	13039.0	1961.0	15000.0
49.0	27.3	-8494.08	7.35	14.28	4.27	37.6	35.2	178473	13040.0	1960.0	15000.0
49.0	27.3	-8494.08	7.35	14.28	4.27	37.6	35.2	178474	13041.0	1959.0	15000.0
49.0	27.3	-8495.79	7.3	14.27	3.83	36.66	35.2	178475	13042.0	1958.0	15000.0
49.0	27.3	-8495.79	7.3	14.27	3.83	36.66	35.19	178476	13043.0	1957.0	15000.0
49.0	27.3	-8496.21	7.31	14.38	4.22	35.05	35.19	178477	13044.0	1956.0	15000.0
49.0	27.3	-8496.21	7.31	14.38	4.22	35.05	35.18	178478	13045.0	1955.0	15000.0
49.0	27.3	-8497.5	7.34	14.36	3.61	34.49	35.18	178479	13046.0	1954.0	15000.0
49.0	27.3	-8497.5	7.34	14.36	3.61	34.49	35.18	178480	13047.0	1953.0	15000.0
49.0	27.3	-8495.79	7.32	14.3	3.71	36.2	35.19	178481	13048.0	1952.0	15000.0
49.0	27.3	-8495.79	7.32	14.3	3.71	36.2	35.19	178482	13049.0	1951.0	15000.0
49.0	27.3	-8495.79	7.32	14.3	3.71	36.2	35.19	178483	13050.0	1950.0	15000.0
49.0	27.3	-8495.79	7.32	14.3	3.71	36.2	35.18	178484	13051.0	1949.0	15000.0
49.0	27.3	-8491.51	7.35	14.31	4.53	36.0	35.18	178485	13052.0	1948.0	15000.0
49.0	27.3	-8491.51	7.35	14.31	4.53	36.0	35.18	178486	13053.0	1947.0	15000.0
49.0	27.3	-8495.79	7.3	14.35	3.91	35.14	35.18	178487	13054.0	1946.0	15000.0
49.0	27.3	-8495.79	7.3	14.35	3.91	35.14	35.19	178488	13055.0	1945.0	15000.0
49.0	27.3	-8503.05	7.33	14.31	4.16	35.65	35.19	178489	13056.0	1944.0	15000.0
49.0	27.3	-8503.05	7.33	14.31	4.16	35.65	35.18	178490	13057.0	1943.0	15000.0
49.0	27.3	-8502.62	7.35	14.32	3.66	35.01	35.17	178491	13058.0	1942.0	15000.0
49.0	27.3	-8502.62	7.35	14.32	3.66	35.01	35.16	178492	13059.0	1941.0	15000.0
49.0	27.3	-8498.78	7.32	14.36	4.18	35.6	35.16	178493	13060.0	1940.0	15000.0
49.0	27.3	-8498.78	7.32	14.36	4.18	35.6	35.16	178494	13061.0	1939.0	15000.0
49.0	27.3	-8498.35	7.34	14.29	3.41	36.9	35.17	178495	13062.0	1938.0	15000.0
49.0	27.3	-8498.35	7.34	14.29	3.41	36.9	35.18	178496	13063.0	1937.0	15000.0
49.0	27.3	-8497.07	7.33	14.26	3.95	36.6	35.18	178497	13064.0	1936.0	15000.0
49.0	27.3	-8497.07	7.33	14.26	3.95	36.6	35.18	178498	13065.0	1935.0	15000.0
49.0	27.2	-8495.79	7.33	14.32	4.75	35.78	35.17	178499	13066.0	1934.0	15000.0
49.0	27.2	-8495.79	7.33	14.32	4.75	35.78	35.16	178500	13067.0	1933.0	15000.0
49.0	27.2	-8497.07	7.37	14.36	3.45	35.07	35.16	178501	13068.0	1932.0	15000.0
49.0	27.2	-8497.07	7.37	14.36	3.45	35.07	35.15	178502	13069.0	1931.0	15000.0
49.0	27.2	-8491.51	7.37	14.34	3.65	36.19	35.15	178503	13070.0	1930.0	15000.0
49.0	27.2	-8491.51	7.37	14.34	3.65	36.19	35.15	178504	13071.0	1929.0	15000.0
49.0	27.2	-8497.5	7.34	14.26	3.78	37.33	35.16	178505	13072.0	1928.0	15000.0
49.0	27.2	-8497.5	7.34	14.26	3.78	37.33	35.15	178506	13073.0	1927.0	15000.0
49.0	27.2	-8491.51	7.31	14.35	4.14	35.46	35.15	178507	13074.0	1926.0	15000.0
49.0	27.2	-8491.51	7.31	14.35	4.14	35.46	35.15	178508	13075.0	1925.0	15000.0
49.0	27.2	-8495.36	7.35	14.31	4.34	36.3	35.15	178509	13076.0	1924.0	15000.0
49.0	27.2	-8495.36	7.35	14.31	4.34	36.3	35.14	178510	13077.0	1923.0	15000.0
49.0	27.2	-8496.64	7.34	14.36	4.47	34.94	35.14	178511	13078.0	1922.0	15000.0
49.0	27.2	-8496.64	7.34	14.36	4.47	34.94	35.14	178512	13079.0	1921.0	15000.0
49.0	27.2	-8497.92	7.38	14.3	2.78	36.23	35.14	178513	13080.0	1920.0	15000.0
49.0	27.2	-8497.92	7.38	14.3	2.78	36.23	35.14	178514	13081.0	1919.0	15000.0
49.0	27.2	-8494.08	7.35	14.31	3.79	36.26	35.14	178515	13082.0	1918.0	15000.0
49.0	27.2	-8494.08	7.35	14.31	3.79	36.26	35.14	178516	13083.0	1917.0	15000.0
49.0	27.2	-8491.94	7.32	14.31	3.91	35.88	35.13	178517	13084.0	1916.0	15000.0
49.0	27.2	-8491.94	7.32	14.31	3.91	35.88	35.13	178518	13085.0	1915.0	15000.0
49.0	27.2	-8500.06	7.31	14.37	4.73	34.42	35.13	178519	13086.0	1914.0	15000.0
49.0	27.2	-8500.06	7.31	14.37	4.73	34.42	35.13	178520	13087.0	1913.0	15000.0
49.01	27.2	-8500.06	7.31	14.37	4.73	34.42	35.13	178521	13088.0	1912.0	15000.0
49.02	27.2	-8500.06	7.31	14.37	4.73	34.42	35.13	178522	13089.0	1911.0	15000.0
49.03	27.2	-8496.21	7.37	14.34	2.7	35.23	35.13	178523	13090.0	1910.0	15000.0
49.04	27.2	-8496.21	7.37	14.34	2.7	35.23	35.13	178524	13091.0	1909.0	15000.0
49.06	27.2	-8491.09	7.37	14.27	3.71	36.75	35.13	178525	13092.0	1908.0	15000.0
49.07	27.2	-8491.09	7.37	14.27	3.71	36.75	35.12	178526	13093.0	1907.0	15000.0
49.08	27.2	-8494.93	7.35	14.25	4.11	37.55	35.12	178527	13094.0	1906.0	15000.0
49.09	27.2	-8494.93	7.35	14.25	4.11	37.55	35.12	178528	13095.0	1905.0	15000.0
49.1	27.2	-8497.07	7.3	14.34	4.24	35.35	35.12	178529	13096.0	1904.0	15000.0
49.1	27.2	-8497.07	7.3	14.34	4.24	35.35	35.12	178530	13097.0	1903.0	15000.0
49.11	27.2	-8495.79	7.27	14.32	4.86	35.34	35.12	178531	13098.0	1902.0	15000.0
49.11	27.2	-8495.79	7.27	14.32	4.86	35.34	35.12	178532	13099.0	1901.0	15000.0
49.11	27.2	-8495.79	7.35	14.33	2.87	35.71	35.11	178533	13100.0	1900.0	15000.0
49.11	27.2	-8495.79	7.35	14.33	2.87	35.71	35.11	178534	13101.0	1899.0	15000.0
49.11	27.2	-8494.93	7.33	14.34	3.83	35.83	35.12	178535	13102.0	1898.0	15000.0
49.11	27.2	-8494.93	7.33	14.34	3.83	35.83	35.11	178536	13103.0	1897.0	15000.0
49.11	27.2	-8491.94	7.32	14.27	4.38	37.1	35.11	178537	13104.0	1896.0	15000.0
49.1	27.2	-8491.94	7.32	14.27	4.38	37.1	35.12	178538	13105.0	1895.0	15000.0
49.1	27.2	-8495.36	7.33	14.3	3.94	36.25	35.12	178539	13106.0	1894.0	15000.0
49.09	27.2	-8495.36	7.33	14.3	3.94	36.25	35.12	178540	13107.0	1893.0	15000.0
49.09	27.2	-8493.65	7.27	14.32	5.07	35.28	35.11	178541	13108.0	1892.0	15000.0
49.07	27.2	-8493.65	7.27	14.32	5.07	35.28	35.1	178542	13109.0	1891.0	15000.0
49.06	27.2	-8495.36	7.38	14.31	3.5	35.8	35.1	178543	13110.0	1890.0	15000.0
49.05	27.2	-8495.36	7.38	14.31	3.5	35.8	35.09	178544	13111.0	1889.0	15000.0
49.03	27.2	-8497.07	7.34	14.31	3.67	36.45	35.09	178545	13112.0	1888.0	15000.0
49.02	27.2	-8497.07	7.34	14.31	3.67	36.45	35.09	178546	13113.0	1887.0	15000.0
49.01	27.2	-8493.22	7.36	14.28	3.5	37.19	35.1	178547	13114.0	1886.0	15000.0
49.0	27.2	-8493.22	7.36	14.28	3.5	37.19	35.09	178548	13115.0	1885.0	15000.0
49.0	27.2	-8494.93	7.25	14.35	4.07	35.46	35.09	178549	13116.0	1884.0	15000.0
49.0	27.2	-8494.93	7.25	14.35	4.07	35.46	35.09	178550	13117.0	1883.0	15000.0
49.01	27.2	-8494.93	7.33	14.36	4.24	35.1	35.09	178551	13118.0	1882.0	15000.0
49.02	27.2	-8494.93	7.33	14.36	4.24	35.1	35.09	178552	13119.0	1881.0	15000.0
49.03	27.2	-8494.93	7.33	14.36	4.24	35.1	35.09	178553	13120.0	1880.0	15000.0
49.05	27.2	-8494.93	7.33	14.36	4.24	35.1	35.09	178554	13121.0	1879.0	15000.0
49.06	27.2	-8496.64	7.35	14.35	3.82	35.11	35.09	178555	13122.0	1878.0	15000.0
49.07	27.2	-8496.64	7.35	14.35	3.82	35.11	35.09	178556	13123.0	1877.0	15000.0
49.09	27.2	-8496.21	7.35	14.3	3.86	36.38	35.08	178557	13124.0	1876.0	15000.0
49.09	27.2	-8496.21	7.35	14.3	3.86	36.38	35.08	178558	13125.0	1875.0	15000.0
49.1	27.3	-8492.8	7.36	14.32	3.69	36.31	35.08	178559	13126.0	1874.0	15000.0
49.1	27.3	-8492.8	7.36	14.32	3.69	36.31	35.08	178560	13127.0	1873.0	15000.0
49.11	27.3	-8500.49	7.32	14.29	4.41	36.75	35.07	178561	13128.0	1872.0	15000.0
49.11	27.3	-8500.49	7.32	14.29	4.41	36.75	35.07	178562	13129.0	1871.0	15000.0
49.11	27.3	-8499.63	7.28	14.34	3.81	34.58	35.08	178563	13130.0	1870.0	15000.0
49.11	27.3	-8499.63	7.28	14.34	3.81	34.58	35.07	178564	13131.0	1869.0	15000.0
49.11	27.3	-8497.07	7.35	14.33	4.17	35.87	35.06	178565	13132.0	1868.0	15000.0
49.11	27.3	-8497.07	7.35	14.33	4.17	35.87	35.06	178566	13133.0	1867.0	15000.0
49.11	27.3	-8495.36	7.36	14.32	4.21	36.21	35.06	178567	13134.0	1866.0	15000.0
49.1	27.3	-8495.36	7.36	14.32	4.21	36.21	35.06	178568	13135.0	1865.0	15000.0
49.1	27.3	-8489.38	7.34	14.28	4.24	36.36	35.06	178569	13136.0	1864.0	15000.0
49.09	27.3	-8489.38	7.34	14.28	4.24	36.36	35.06	178570	13137.0	1863.0	15000.0
49.09	27.3	-8500.06	7.33	14.35	3.96	35.87	35.07	178571	13138.0	1862.0	15000.0
49.08	27.3	-8500.06	7.33	14.35	3.96	35.87	35.06	178572	13139.0	1861.0	15000.0
49.06	27.3	-8496.21	7.31	14.36	4.0	35.14	35.05	178573	13140.0	1860.0	15000.0
49.05	27.3	-8496.21	7.31	14.36	4.0	35.14	35.05	178574	13141.0	1859.0	15000.0
49.04	27.3	-8500.91	7.36	14.3	3.37	36.78	35.05	178575	13142.0	1858.0	15000.0
49.02	27.3	-8500.91	7.36	14.3	3.37	36.78	35.05	178576	13143.0	1857.0	15000.0
49.01	27.3	-8493.22	7.37	14.29	4.2	36.48	35.05	178577	13144.0	1856.0	15000.0
49.01	27.3	-8493.22	7.37	14.29	4.2	36.48	35.06	178578	13145.0	1855.0	15000.0
49.0	27.3	-8494.08	7.3	14.34	5.28	35.66	35.06	178579	13146.0	1854.0	15000.0
49.0	27.3	-8494.08	7.3	14.34	5.28	35.66	35.05	178580	13147.0	1853.0	15000.0
49.01	27.3	-8495.36	7.31	14.33	3.78	36.37	35.04	178581	13148.0	1852.0	15000.0
49.02	27.3	-8495.36	7.31	14.33	3.78	36.37	35.03	178582	13149.0	1851.0	15000.0
49.03	27.3	-8496.64	7.32	14.35	4.93	35.96	35.03	178583	13150.0	1850.0	15000.0
49.05	27.3	-8496.64	7.32	14.35	4.93	35.96	35.03	178584	13151.0	1849.0	15000.0
49.06	27.3	-8500.91	7.37	14.32	3.1	35.42	35.04	178585	13152.0	1848.0	15000.0
49.08	27.3	-8500.91	7.37	14.32	3.1	35.42	35.04	178586	13153.0	1847.0	15000.0
49.09	27.3	-8500.91	7.37	14.32	3.1	35.42	35.04	178587	13154.0	1846.0	15000.0
49.1	27.3	-8500.91	7.37	14.32	3.1	35.42	35.03	178588	13155.0	1845.0	15000.0
49.1	27.2	-8493.65	7.37	14.35	3.92	35.55	35.03	178589	13156.0	1844.0	15000.0
49.1	27.2	-8493.65	7.37	14.35	3.92	35.55	35.03	178590	13157.0	1843.0	15000.0
49.09	27.2	-8491.09	7.31	14.28	4.07	37.23	35.04	178591	13158.0	1842.0	15000.0
49.08	27.2	-8491.09	7.31	14.28	4.07	37.23	35.04	178592	13159.0	1841.0	15000.0
49.06	27.2	-8492.8	7.36	14.3	3.71	36.75	35.04	178593	13160.0	1840.0	15000.0
49.05	27.2	-8492.8	7.36	14.3	3.71	36.75	35.03	178594	13161.0	1839.0	15000.0
49.04	27.2	-8494.93	7.3	14.33	3.66	35.74	35.03	178595	13162.0	1838.0	15000.0
49.02	27.2	-8494.93	7.3	14.33	3.66	35.74	35.03	178596	13163.0	1837.0	15000.0
49.01	27.2	-8498.78	7.33	14.39	3.89	34.72	35.03	178597	13164.0	1836.0	15000.0
49.0	27.2	-8498.78	7.33	14.39	3.89	34.72	35.03	178598	13165.0	1835.0	15000.0
49.0	27.2	-8501.77	7.35	14.31	3.64	36.31	35.02	178599	13166.0	1834.0	15000.0
49.0	27.2	-8501.77	7.35	14.31	3.64	36.31	35.01	178600	13167.0	1833.0	15000.0
49.01	27.2	-8496.64	7.36	14.3	3.94	36.15	35.01	178601	13168.0	1832.0	15000.0
49.02	27.2	-8496.64	7.36	14.3	3.94	36.15	35.01	178602	13169.0	1831.0	15000.0
49.04	27.2	-8496.64	7.27	14.31	4.8	36.49	35.02	178603	13170.0	1830.0	15000.0
49.05	27.2	-8496.64	7.27	14.31	4.8	36.49	35.02	178604	13171.0	1829.0	15000.0
49.06	27.2	-8499.63	7.34	14.33	4.12	35.72	35.02	178605	13172.0	1828.0	15000.0
49.08	27.2	-8499.63	7.34	14.33	4.12	35.72	35.01	178606	13173.0	1827.0	15000.0
49.09	27.2	-8497.92	7.34	14.32	3.5	35.45	35.01	178607	13174.0	1826.0	15000.0
49.1	27.2	-8497.92	7.34	14.32	3.5	35.45	35.01	178608	13175.0	1825.0	15000.0
49.1	27.2	-8497.92	7.34	14.32	3.5	35.45	35.01	178609	13176.0	1824.0	15000.0
49.1	27.2	-8497.92	7.34	14.32	3.5	35.45	35.01	178610	13177.0	1823.0	15000.0
49.09	27.2	-8494.5	7.33	14.33	4.52	35.48	35.01	178611	13178.0	1822.0	15000.0
49.08	27.2	-8494.5	7.33	14.33	4.52	35.48	35.0	178612	13179.0	1821.0	15000.0
49.06	27.2	-8496.64	7.31	14.28	4.32	37.61	35.0	178613	13180.0	1820.0	15000.0
49.05	27.2	-8496.64	7.31	14.28	4.32	37.61	35.0	178614	13181.0	1819.0	15000.0
49.03	27.2	-8495.79	7.29	14.33	4.38	35.85	35.01	178615	13182.0	1818.0	15000.0
49.02	27.2	-8495.79	7.29	14.33	4.38	35.85	35.01	178616	13183.0	1817.0	15000.0
49.01	27.2	-8496.21	7.31	14.31	4.14	35.92	35.01	178617	13184.0	1816.0	15000.0
49.0	27.2	-8496.21	7.31	14.31	4.14	35.92	35.0	178618	13185.0	1815.0	15000.0
49.0	27.2	-8498.35	7.34	14.38	3.88	34.77	35.0	178619	13186.0	1814.0	15000.0
49.01	27.2	-8498.35	7.34	14.38	3.88	34.77	35.0	178620	13187.0	1813.0	15000.0
49.01	27.2	-8497.07	7.36	14.34	4.22	36.27	35.0	178621	13188.0	1812.0	15000.0
49.03	27.2	-8497.07	7.36	14.34	4.22	36.27	35.0	178622	13189.0	1811.0	15000.0
49.04	27.2	-8495.79	7.35	14.29	3.61	37.26	35.0	178623	13190.0	1810.0	15000.0
49.05	27.2	-8495.79	7.35	14.29	3.61	37.26	34.99	178624	13191.0	1809.0	15000.0
49.07	27.2	-8494.93	7.28	14.34	4.65	35.28	34.98	178625	13192.0	1808.0	15000.0
49.08	27.2	-8494.93	7.28	14.34	4.65	35.28	34.98	178626	13193.0	1807.0	15000.0
49.09	27.2	-8498.78	7.31	14.35	3.45	35.36	34.98	178627	13194.0	1806.0	15000.0
49.1	27.2	-8498.78	7.31	14.35	3.45	35.36	34.99	178628	13195.0	1805.0	15000.0
49.1	27.2	-8500.91	7.34	14.33	4.35	35.74	34.99	178629	13196.0	1804.0	15000.0
49.1	27.2	-8500.91	7.34	14.33	4.35	35.74	34.98	178630	13197.0	1803.0	15000.0
49.1	27.2	-8496.64	7.34	14.3	3.2	36.31	34.98	178631	13198.0	1802.0	15000.0
49.1	27.2	-8496.64	7.34	14.3	3.2	36.31	34.98	178632	13199.0	1801.0	15000.0
49.1	27.2	-8491.09	7.36	14.32	3.42	36.01	34.98	178633	13200.0	1800.0	15000.0
49.1	27.2	-8491.09	7.36	14.32	3.42	36.01	34.98	178634	13201.0	1799.0	15000.0
49.1	27.2	-8495.36	7.29	14.32	4.5	36.48	34.98	178635	13202.0	1798.0	15000.0
49.1	27.2	-8495.36	7.29	14.32	4.5	36.48	34.98	178636	13203.0	1797.0	15000.0
49.1	27.2	-8494.08	7.33	14.34	4.09	35.64	34.98	178637	13204.0	1796.0	15000.0
49.1	27.2	-8494.08	7.33	14.34	4.09	35.64	34.98	178638	13205.0	1795.0	15000.0
49.1	27.2	-8498.35	7.31	14.36	4.51	35.07	34.97	178639	13206.0	1794.0	15000.0
49.1	27.2	-8498.35	7.31	14.36	4.51	35.07	34.97	178640	13207.0	1793.0	15000.0
49.1	27.2	-8498.35	7.31	14.36	4.51	35.07	34.97	178641	13208.0	1792.0	15000.0
49.1	27.2	-8498.35	7.31	14.36	4.51	35.07	34.96	178642	13209.0	1791.0	15000.0
49.1	27.2	-8501.77	7.34	14.35	3.47	34.99	34.96	178643	13210.0	1790.0	15000.0
49.1	27.2	-8501.77	7.34	14.35	3.47	34.99	34.96	178644	13211.0	1789.0	15000.0
49.1	27.2	-8495.79	7.36	14.32	3.64	36.09	34.96	178645	13212.0	1788.0	15000.0
49.1	27.2	-8495.79	7.36	14.32	3.64	36.09	34.96	178646	13213.0	1787.0	15000.0
49.1	27.2	-8491.51	7.29	14.36	4.55	35.28	34.96	178647	13214.0	1786.0	15000.0
49.1	27.2	-8491.51	7.29	14.36	4.55	35.28	34.96	178648	13215.0	1785.0	15000.0
49.1	27.2	-8491.51	7.29	14.36	4.55	35.28	34.96	178649	13216.0	1784.0	15000.0
49.1	27.2	-8491.51	7.29	14.36	4.55	35.28	34.96	178650	13217.0	1783.0	15000.0
49.09	27.2	-8494.08	7.38	14.33	3.45	34.93	34.95	178651	13218.0	1782.0	15000.0
49.08	27.2	-8494.08	7.38	14.33	3.45	34.93	34.95	178652	13219.0	1781.0	15000.0
49.06	27.2	-8497.92	7.33	14.34	4.41	35.54	34.95	178653	13220.0	1780.0	15000.0
49.05	27.2	-8497.92	7.33	14.34	4.41	35.54	34.94	178654	13221.0	1779.0	15000.0
49.04	27.2	-8493.65	7.37	14.29	3.57	36.87	34.94	178655	13222.0	1778.0	15000.0
49.02	27.2	-8493.65	7.37	14.29	3.57	36.87	34.94	178656	13223.0	1777.0	15000.0
49.01	27.2	-8494.93	7.29	14.31	4.41	36.28	34.94	178657	13224.0	1776.0	15000.0
49.0	27.2	-8494.93	7.29	14.31	4.41	36.28	34.94	178658	13225.0	1775.0	15000.0
49.0	27.2	-8497.92	7.26	14.34	4.52	35.7	34.94	178659	13226.0	1774.0	15000.0
49.0	27.2	-8497.92	7.26	14.34	4.52	35.7	34.94	178660	13227.0	1773.0	15000.0
49.01	27.2	-8500.49	7.34	14.35	4.09	34.65	34.95	178661	13228.0	1772.0	15000.0
49.02	27.2	-8500.49	7.34	14.35	4.09	34.65	34.94	178662	13229.0	1771.0	15000.0
49.04	27.2	-8501.34	7.34	14.29	3.17	36.74	34.93	178663	13230.0	1770.0	15000.0
49.05	27.2	-8501.34	7.34	14.29	3.17	36.74	34.94	178664	13231.0	1769.0	15000.0
49.06	27.2	-8494.08	7.31	14.31	4.43	36.23	34.94	178665	13232.0	1768.0	15000.0
49.08	27.2	-8494.08	7.31	14.31	4.43	36.23	34.93	178666	13233.0	1767.0	15000.0
49.09	27.2	-8494.08	7.3	14.35	5.27	35.73	34.93	178667	13234.0	1766.0	15000.0
49.1	27.2	-8494.08	7.3	14.35	5.27	35.73	34.93	178668	13235.0	1765.0	15000.0
49.1	27.3	-8494.08	7.3	14.35	5.27	35.73	34.93	178669	13236.0	1764.0	15000.0
49.1	27.3	-8494.08	7.3	14.35	5.27	35.73	34.93	178670	13237.0	1763.0	15000.0
49.1	27.3	-8497.07	7.31	14.32	3.74	36.28	34.93	178671	13238.0	1762.0	15000.0
49.1	27.3	-8497.07	7.31	14.32	3.74	36.28	34.94	178672	13239.0	1761.0	15000.0
49.1	27.3	-8498.35	7.33	14.37	3.69	35.15	34.94	178673	13240.0	1760.0	15000.0
49.1	27.3	-8498.35	7.33	14.37	3.69	35.15	34.94	178674	13241.0	1759.0	15000.0
49.1	27.3	-8493.22	7.35	14.31	3.16	35.97	34.93	178675	13242.0	1758.0	15000.0
49.1	27.3	-8493.22	7.35	14.31	3.16	35.97	34.93	178676	13243.0	1757.0	15000.0
49.1	27.3	-8492.8	7.27	14.29	4.5	37.06	34.93	178677	13244.0	1756.0	15000.0
49.1	27.3	-8492.8	7.27	14.29	4.5	37.06	34.93	178678	13245.0	1755.0	15000.0
49.1	27.3	-8493.65	7.26	14.29	4.5	36.39	34.92	178679	13246.0	1754.0	15000.0
49.1	27.3	-8493.65	7.26	14.29	4.5	36.39	34.91	178680	13247.0	1753.0	15000.0
49.1	27.3	-8496.21	7.33	14.35	4.23	35.25	34.9	178681	13248.0	1752.0	15000.0
49.1	27.3	-8496.21	7.33	14.35	4.23	35.25	34.9	178682	13249.0	1751.0	15000.0
49.1	27.3	-8499.2	7.32	14.34	3.5	34.82	34.91	178683	13250.0	1750.0	15000.0
49.1	27.3	-8499.2	7.32	14.34	3.5	34.82	34.9	178684	13251.0	1749.0	15000.0
49.1	27.3	-8495.36	7.37	14.31	3.54	36.26	34.9	178685	13252.0	1748.0	15000.0
49.1	27.3	-8495.36	7.37	14.31	3.54	36.26	34.9	178686	13253.0	1747.0	15000.0
49.1	27.3	-8497.07	7.32	14.29	4.23	36.23	34.9	178687	13254.0	1746.0	15000.0
49.1	27.3	-8497.07	7.32	14.29	4.23	36.23	34.9	178688	13255.0	1745.0	15000.0
49.1	27.2	-8494.08	7.26	14.36	4.62	35.25	34.9	178689	13256.0	1744.0	15000.0
49.1	27.2	-8494.08	7.26	14.36	4.62	35.25	34.9	178690	13257.0	1743.0	15000.0
49.1	27.2	-8497.07	7.29	14.36	4.15	35.95	34.91	178691	13258.0	1742.0	15000.0
49.1	27.2	-8497.07	7.29	14.36	4.15	35.95	34.9	178692	13259.0	1741.0	15000.0
49.1	27.2	-8500.49	7.34	14.34	3.56	35.13	34.9	178693	13260.0	1740.0	15000.0
49.1	27.2	-8500.49	7.34	14.34	3.56	35.13	34.9	178694	13261.0	1739.0	15000.0
49.1	27.2	-8500.49	7.34	14.34	3.56	35.13	34.9	178695	13262.0	1738.0	15000.0
49.1	27.2	-8500.49	7.34	14.34	3.56	35.13	34.9	178696	13263.0	1737.0	15000.0
49.1	27.2	-8500.91	7.34	14.28	3.34	36.38	34.9	178697	13264.0	1736.0	15000.0
49.1	27.2	-8500.91	7.34	14.28	3.34	36.38	34.9	178698	13265.0	1735.0	15000.0
49.1	27.2	-8491.94	7.34	14.28	3.63	36.17	34.9	178699	13266.0	1734.0	15000.0
49.1	27.2	-8491.94	7.34	14.28	3.63	36.17	34.9	178700	13267.0	1733.0	15000.0
49.1	27.2	-8490.23	7.31	14.32	4.61	36.12	34.9	178701	13268.0	1732.0	15000.0
49.1	27.2	-8490.23	7.31	14.32	4.61	36.12	34.9	178702	13269.0	1731.0	15000.0
49.1	27.2	-8494.5	7.3	14.32	4.43	36.44	34.9	178703	13270.0	1730.0	15000.0
49.1	27.2	-8494.5	7.3	14.32	4.43	36.44	34.9	178704	13271.0	1729.0	15000.0
49.1	27.2	-8502.62	7.32	14.4	4.21	34.62	34.9	178705	13272.0	1728.0	15000.0
49.1	27.2	-8502.62	7.32	14.4	4.21	34.62	34.89	178706	13273.0	1727.0	15000.0
49.1	27.2	-8498.78	7.32	14.31	3.89	36.36	34.88	178707	13274.0	1726.0	15000.0
49.1	27.2	-8498.78	7.32	14.31	3.89	36.36	34.88	178708	13275.0	1725.0	15000.0
49.1	27.2	-8494.5	7.33	14.3	4.07	36.78	34.88	178709	13276.0	1724.0	15000.0
49.1	27.2	-8494.5	7.33	14.3	4.07	36.78	34.88	178710	13277.0	1723.0	15000.0
49.1	27.2	-8494.5	7.32	14.33	3.9	36.5	34.88	178711	13278.0	1722.0	15000.0
49.1	27.2	-8494.5	7.32	14.33	3.9	36.5	34.88	178712	13279.0	1721.0	15000.0
49.1	27.2	-8503.05	7.33	14.32	4.25	36.23	34.88	178713	13280.0	1720.0	15000.0
49.1	27.2	-8503.05	7.33	14.32	4.25	36.23	34.88	178714	13281.0	1719.0	15000.0
49.1	27.2	-8500.06	7.36	14.3	2.94	35.66	34.88	178715	13282.0	1718.0	15000.0
49.1	27.2	-8500.06	7.36	14.3	2.94	35.66	34.87	178716	13283.0	1717.0	15000.0
49.1	27.2	-8496.64	7.37	14.29	3.85	36.31	34.86	178717	13284.0	1716.0	15000.0
49.1	27.2	-8496.64	7.37	14.29	3.85	36.31	34.86	178718	13285.0	1715.0	15000.0
49.1	27.3	-8491.09	7.29	14.3	4.9	36.37	34.87	178719	13286.0	1714.0	15000.0
49.1	27.3	-8491.09	7.29	14.3	4.9	36.37	34.87	178720	13287.0	1713.0	15000.0
49.1	27.3	-8498.35	7.31	14.28	3.6	36.83	34.88	178721	13288.0	1712.0	15000.0
49.1	27.3	-8498.35	7.31	14.28	3.6	36.83	34.87	178722	13289.0	1711.0	15000.0
49.1	27.3	-8497.92	7.33	14.35	4.31	35.43	34.85	178723	13290.0	1710.0	15000.0
49.1	27.3	-8497.92	7.33	14.35	4.31	35.43	34.86	178724	13291.0	1709.0	15000.0
49.1	27.3	-8497.92	7.34	14.36	3.55	34.7	34.86	178725	13292.0	1708.0	15000.0
49.1	27.3	-8497.92	7.34	14.36	3.55	34.7	34.85	178726	13293.0	1707.0	15000.0
49.1	27.3	-8498.78	7.36	14.33	3.69	36.08	34.85	178727	13294.0	1706.0	15000.0
49.1	27.3	-8498.78	7.36	14.33	3.69	36.08	34.85	178728	13295.0	1705.0	15000.0
49.1	27.2	-8498.78	7.36	14.33	3.69	36.08	34.85	178729	13296.0	1704.0	15000.0
49.1	27.2	-8498.78	7.36	14.33	3.69	36.08	34.86	178730	13297.0	1703.0	15000.0
49.1	27.2	-8495.36	7.32	14.3	4.11	36.3	34.86	178731	13298.0	1702.0	15000.0
49.1	27.2	-8495.36	7.32	14.3	4.11	36.3	34.85	178732	13299.0	1701.0	15000.0
49.1	27.2	-8497.07	7.28	14.36	4.71	35.32	34.85	178733	13300.0	1700.0	15000.0
49.1	27.2	-8497.07	7.28	14.36	4.71	35.32	34.85	178734	13301.0	1699.0	15000.0
49.1	27.2	-8493.22	7.33	14.35	4.15	35.17	34.85	178735	13302.0	1698.0	15000.0
49.1	27.2	-8493.22	7.33	14.35	4.15	35.17	34.85	178736	13303.0	1697.0	15000.0
49.1	27.2	-8502.2	7.29	14.37	4.65	35.4	34.85	178737	13304.0	1696.0	15000.0
49.1	27.2	-8502.2	7.29	14.37	4.65	35.4	34.85	178738	13305.0	1695.0	15000.0
49.1	27.2	-8500.49	7.38	14.33	2.62	35.72	34.85	178739	13306.0	1694.0	15000.0
49.1	27.2	-8500.49	7.38	14.33	2.62	35.72	34.85	178740	13307.0	1693.0	15000.0
49.11	27.2	-8494.93	7.35	14.3	3.71	36.34	34.85	178741	13308.0	1692.0	15000.0
49.12	27.2	-8494.93	7.35	14.3	3.71	36.34	34.85	178742	13309.0	1691.0	15000.0
49.14	27.2	-8492.8	7.32	14.28	4.39	37.45	34.85	178743	13310.0	1690.0	15000.0
49.15	27.2	-8492.8	7.32	14.28	4.39	37.45	34.85	178744	13311.0	1689.0	15000.0
49.16	27.2	-8494.08	7.3	14.3	4.59	36.17	34.84	178745	13312.0	1688.0	15000.0
49.18	27.2	-8494.08	7.3	14.3	4.59	36.17	34.83	178746	13313.0	1687.0	15000.0
49.19	27.2	-8501.77	7.27	14.36	5.02	35.41	34.83	178747	13314.0	1686.0	15000.0
49.2	27.2	-8501.77	7.27	14.36	5.02	35.41	34.83	178748	13315.0	1685.0	15000.0
49.2	27.2	-8494.93	7.38	14.34	2.67	35.14	34.84	178749	13316.0	1684.0	15000.0
49.2	27.2	-8494.93	7.38	14.34	2.67	35.14	34.84	178750	13317.0	1683.0	15000.0
49.19	27.2	-8495.36	7.33	14.27	3.74	36.55	34.84	178751	13318.0	1682.0	15000.0
49.18	27.2	-8495.36	7.33	14.27	3.74	36.55	34.83	178752	13319.0	1681.0	15000.0
49.16	27.2	-8494.93	7.34	14.26	3.74	36.94	34.82	178753	13320.0	1680.0	15000.0
49.15	27.2	-8494.93	7.34	14.26	3.74	36.94	34.82	178754	13321.0	1679.0	15000.0
49.14	27.2	-8494.93	7.34	14.26	3.74	36.94	34.82	178755	13322.0	1678.0	15000.0
49.12	27.2	-8494.93	7.34	14.26	3.74	36.94	34.83	178756	13323.0	1677.0	15000.0
49.11	27.2	-8491.94	7.3	14.31	4.1	35.48	34.83	178757	13324.0	1676.0	15000.0
49.1	27.2	-8491.94	7.3	14.31	4.1	35.48	34.83	178758	13325.0	1675.0	15000.0
49.1	27.2	-8498.35	7.32	14.34	3.91	35.59	34.83	178759	13326.0	1674.0	15000.0
49.1	27.2	-8498.35	7.32	14.34	3.91	35.59	34.82	178760	13327.0	1673.0	15000.0
49.1	27.2	-8497.5	7.36	14.33	3.93	35.41	34.82	178761	13328.0	1672.0	15000.0
49.1	27.2	-8497.5	7.36	14.33	3.93	35.41	34.81	178762	13329.0	1671.0	15000.0
49.1	27.2	-8495.36	7.34	14.31	3.58	36.16	34.81	178763	13330.0	1670.0	15000.0
49.1	27.2	-8495.36	7.34	14.31	3.58	36.16	34.81	178764	13331.0	1669.0	15000.0
49.1	27.2	-8497.07	7.34	14.33	3.95	36.12	34.82	178765	13332.0	1668.0	15000.0
49.1	27.2	-8497.07	7.34	14.33	3.95	36.12	34.81	178766	13333.0	1667.0	15000.0
49.1	27.2	-8494.93	7.29	14.34	4.21	35.62	34.81	178767	13334.0	1666.0	15000.0
49.1	27.2	-8494.93	7.29	14.34	4.21	35.62	34.8	178768	13335.0	1665.0	15000.0
49.1	27.2	-8500.49	7.34	14.4	4.18	34.18	34.8	178769	13336.0	1664.0	15000.0
49.1	27.2	-8500.49	7.34	14.4	4.18	34.18	34.8	178770	13337.0	1663.0	15000.0
49.1	27.2	-8499.2	7.34	14.34	4.41	36.27	34.81	178771	13338.0	1662.0	15000.0
49.1	27.2	-8499.2	7.34	14.34	4.41	36.27	34.81	178772	13339.0	1661.0	15000.0
49.1	27.2	-8493.65	7.33	14.32	4.1	36.28	34.8	178773	13340.0	1660.0	15000.0
49.1	27.2	-8493.65	7.33	14.32	4.1	36.28	34.81	178774	13341.0	1659.0	15000.0
49.1	27.2	-8494.08	7.3	14.35	4.16	35.57	34.82	178775	13342.0	1658.0	15000.0
49.1	27.2	-8494.08	7.3	14.35	4.16	35.57	34.81	178776	13343.0	1657.0	15000.0
49.1	27.2	-8494.5	7.34	14.35	3.6	35.62	34.8	178777	13344.0	1656.0	15000.0
49.1	27.2	-8494.5	7.34	14.35	3.6	35.62	34.79	178778	13345.0	1655.0	15000.0
49.1	27.2	-8497.5	7.29	14.35	4.37	35.34	34.79	178779	13346.0	1654.0	15000.0
49.1	27.2	-8497.5	7.29	14.35	4.37	35.34	34.79	178780	13347.0	1653.0	15000.0
49.1	27.2	-8497.07	7.31	14.29	3.2	36.4	34.79	178781	13348.0	1652.0	15000.0
49.1	27.2	-8497.07	7.31	14.29	3.2	36.4	34.79	178782	13349.0	1651.0	15000.0
49.1	27.2	-8497.07	7.31	14.29	3.2	36.4	34.79	178783	13350.0	1650.0	15000.0
49.1	27.2	-8497.07	7.31	14.29	3.2	36.4	34.79	178784	13351.0	1649.0	15000.0
49.1	27.2	-8497.5	7.31	14.32	4.25	35.51	34.79	178785	13352.0	1648.0	15000.0
49.1	27.2	-8497.5	7.31	14.32	4.25	35.51	34.79	178786	13353.0	1647.0	15000.0
49.1	27.2	-8491.94	7.27	14.34	4.84	36.86	34.8	178787	13354.0	1646.0	15000.0
49.1	27.2	-8491.94	7.27	14.34	4.84	36.86	34.79	178788	13355.0	1645.0	15000.0
49.1	27.2	-8495.79	7.29	14.33	4.29	35.84	34.78	178789	13356.0	1644.0	15000.0
49.1	27.2	-8495.79	7.29	14.33	4.29	35.84	34.78	178790	13357.0	1643.0	15000.0
49.1	27.2	-8494.5	7.32	14.35	4.3	35.13	34.79	178791	13358.0	1642.0	15000.0
49.1	27.2	-8494.5	7.32	14.35	4.3	35.13	34.78	178792	13359.0	1641.0	15000.0
49.1	27.2	-8497.92	7.36	14.32	3.26	35.74	34.78	178793	13360.0	1640.0	15000.0
49.1	27.2	-8497.92	7.36	14.32	3.26	35.74	34.79	178794	13361.0	1639.0	15000.0
49.1	27.2	-8495.79	7.35	14.28	3.92	36.54	34.79	178795	13362.0	1638.0	15000.0
49.1	27.2	-8495.79	7.35	14.28	3.92	36.54	34.79	178796	13363.0	1637.0	15000.0
49.1	27.2	-8492.8	7.32	14.26	4.1	37.83	34.78	178797	13364.0	1636.0	15000.0
49.1	27.2	-8492.8	7.32	14.26	4.1	37.83	34.79	178798	13365.0	1635.0	15000.0
49.1	27.2	-8491.51	7.3	14.35	3.97	35.73	34.79	178799	13366.0	1634.0	15000.0
49.1	27.2	-8491.51	7.3	14.35	3.97	35.73	34.78	178800	13367.0	1633.0	15000.0
49.1	27.2	-8498.78	7.32	14.37	3.83	34.79	34.76	178801	13368.0	1632.0	15000.0
49.1	27.2	-8498.78	7.32	14.37	3.83	34.79	34.76	178802	13369.0	1631.0	15000.0
49.1	27.2	-8498.78	7.32	14.37	3.83	34.79	34.76	178803	13370.0	1630.0	15000.0
49.1	27.2	-8498.78	7.32	14.37	3.83	34.79	34.77	178804	13371.0	1629.0	15000.0
49.1	27.2	-8495.79	7.32	14.3	3.61	35.96	34.77	178805	13372.0	1628.0	15000.0
49.1	27.2	-8495.79	7.32	14.3	3.61	35.96	34.77	178806	13373.0	1627.0	15000.0
49.1	27.2	-8494.08	7.35	14.31	3.7	36.58	34.76	178807	13374.0	1626.0	15000.0
49.1	27.2	-8494.08	7.35	14.31	3.7	36.58	34.76	178808	13375.0	1625.0	15000.0
49.1	27.3	-8493.22	7.29	14.36	4.5	35.08	34.77	178809	13376.0	1624.0	15000.0
49.1	27.3	-8493.22	7.29	14.36	4.5	35.08	34.76	178810	13377.0	1623.0	15000.0
49.1	27.3	-8498.35	7.33	14.35	3.67	35.21	34.75	178811	13378.0	1622.0	15000.0
49.1	27.3	-8498.35	7.33	14.35	3.67	35.21	34.76	178812	13379.0	1621.0	15000.0
49.1	27.3	-8494.93	7.34	14.34	4.3	35.72	34.76	178813	13380.0	1620.0	15000.0
49.1	27.3	-8494.93	7.34	14.34	4.3	35.72	34.76	178814	13381.0	1619.0	15000.0
49.1	27.3	-8493.65	7.34	14.33	4.05	35.68	34.76	178815	13382.0	1618.0	15000.0
49.1	27.3	-8493.65	7.34	14.33	4.05	35.68	34.76	178816	13383.0	1617.0	15000.0
49.1	27.3	-8493.22	7.26	14.31	5.4	36.39	34.76	178817	13384.0	1616.0	15000.0
49.1	27.3	-8493.22	7.26	14.31	5.4	36.39	34.76	178818	13385.0	1615.0	15000.0
49.1	27.3	-8495.79	7.3	14.33	4.24	35.79	34.75	178819	13386.0	1614.0	15000.0
49.1	27.3	-8495.79	7.3	14.33	4.24	35.79	34.75	178820	13387.0	1613.0	15000.0
49.1	27.3	-8495.79	7.3	14.33	4.24	35.79	34.75	178821	13388.0	1612.0	15000.0
49.1	27.3	-8495.79	7.3	14.33	4.24	35.79	34.74	178822	13389.0	1611.0	15000.0
49.1	27.3	-8500.49	7.22	14.37	5.01	34.85	34.74	178823	13390.0	1610.0	15000.0
49.1	27.3	-8500.49	7.22	14.37	5.01	34.85	34.74	178824	13391.0	1609.0	15000.0
49.1	27.3	-8491.94	7.35	14.34	2.96	35.91	34.75	178825	13392.0	1608.0	15000.0
49.1	27.3	-8491.94	7.35	14.34	2.96	35.91	34.74	178826	13393.0	1607.0	15000.0
49.1	27.3	-8494.5	7.34	14.29	4.36	36.36	34.74	178827	13394.0	1606.0	15000.0
49.1	27.3	-8494.5	7.34	14.29	4.36	36.36	34.74	178828	13395.0	1605.0	15000.0
49.1	27.3	-8494.93	7.29	14.34	4.54	35.66	34.75	178829	13396.0	1604.0	15000.0
49.1	27.3	-8494.93	7.29	14.34	4.54	35.66	34.75	178830	13397.0	1603.0	15000.0
49.1	27.3	-8491.51	7.33	14.32	4.38	35.68	34.75	178831	13398.0	1602.0	15000.0
49.1	27.3	-8491.51	7.33	14.32	4.38	35.68	34.74	178832	13399.0	1601.0	15000.0
49.1	27.3	-8495.36	7.3	14.37	4.74	35.48	34.73	178833	13400.0	1600.0	15000.0
49.1	27.3	-8495.36	7.3	14.37	4.74	35.48	34.73	178834	13401.0	1599.0	15000.0
49.1	27.3	-8497.5	7.36	14.32	2.87	35.73	34.73	178835	13402.0	1598.0	15000.0
49.1	27.3	-8497.5	7.36	14.32	2.87	35.73	34.74	178836	13403.0	1597.0	15000.0
49.1	27.3	-8497.5	7.37	14.33	3.78	36.29	34.74	178837	13404.0	1596.0	15000.0
49.1	27.3	-8497.5	7.37	14.33	3.78	36.29	34.74	178838	13405.0	1595.0	15000.0
49.1	27.3	-8498.78	7.32	14.31	4.16	36.86	34.73	178839	13406.0	1594.0	15000.0
49.1	27.3	-8498.78	7.32	14.31	4.16	36.86	34.74	178840	13407.0	1593.0	15000.0
49.1	27.3	-8497.5	7.33	14.3	3.89	36.54	34.74	178841	13408.0	1592.0	15000.0
49.1	27.3	-8497.5	7.33	14.3	3.89	36.54	34.73	178842	13409.0	1591.0	15000.0
49.1	27.3	-8497.92	7.24	14.3	4.41	36.11	34.73	178843	13410.0	1590.0	15000.0
49.1	27.3	-8497.92	7.24	14.3	4.41	36.11	34.73	178844	13411.0	1589.0	15000.0
49.1	27.3	-8497.92	7.24	14.3	4.41	36.11	34.73	178845	13412.0	1588.0	15000.0
49.1	27.3	-8497.92	7.24	14.3	4.41	36.11	34.72	178846	13413.0	1587.0	15000.0
49.1	27.3	-8495.79	7.37	14.35	3.66	34.69	34.72	178847	13414.0	1586.0	15000.0
49.1	27.3	-8495.79	7.37	14.35	3.66	34.69	34.71	178848	13415.0	1585.0	15000.0
49.1	27.3	-8500.06	7.34	14.34	4.42	35.9	34.71	178849	13416.0	1584.0	15000.0
49.1	27.3	-8500.06	7.34	14.34	4.42	35.9	34.72	178850	13417.0	1583.0	15000.0
49.1	27.3	-8491.09	7.29	14.3	3.86	35.79	34.73	178851	13418.0	1582.0	15000.0
49.1	27.3	-8491.09	7.29	14.3	3.86	35.79	34.72	178852	13419.0	1581.0	15000.0
49.1	27.3	-8500.06	7.34	14.35	4.02	35.71	34.71	178853	13420.0	1580.0	15000.0
49.1	27.3	-8500.06	7.34	14.35	4.02	35.71	34.7	178854	13421.0	1579.0	15000.0
49.1	27.3	-8495.79	7.3	14.37	4.0	35.2	34.7	178855	13422.0	1578.0	15000.0
49.1	27.3	-8495.79	7.3	14.37	4.0	35.2	34.7	178856	13423.0	1577.0	15000.0
49.1	27.3	-8498.35	7.36	14.31	3.06	36.29	34.7	178857	13424.0	1576.0	15000.0
49.1	27.3	-8498.35	7.36	14.31	3.06	36.29	34.7	178858	13425.0	1575.0	15000.0
49.1	27.2	-8491.51	7.33	14.32	4.44	35.6	34.71	178859	13426.0	1574.0	15000.0
49.1	27.2	-8491.51	7.33	14.32	4.44	35.6	34.71	178860	13427.0	1573.0	15000.0
49.1	27.2	-8493.65	7.34	14.36	4.37	35.37	34.72	178861	13428.0	1572.0	15000.0
49.1	27.2	-8493.65	7.34	14.36	4.37	35.37	34.71	178862	13429.0	1571.0	15000.0
49.1	27.2	-8497.5	7.3	14.3	4.32	36.99	34.7	178863	13430.0	1570.0	15000.0
49.1	27.2	-8497.5	7.3	14.3	4.32	36.99	34.7	178864	13431.0	1569.0	15000.0
49.1	27.2	-8497.92	7.28	14.37	4.71	35.09	34.7	178865	13432.0	1568.0	15000.0
49.1	27.2	-8497.92	7.28	14.37	4.71	35.09	34.7	178866	13433.0	1567.0	15000.0
49.1	27.2	-8497.92	7.28	14.37	4.71	35.09	34.7	178867	13434.0	1566.0	15000.0
49.1	27.2	-8497.92	7.28	14.37	4.71	35.09	34.69	178868	13435.0	1565.0	15000.0
49.1	27.2	-8495.36	7.39	14.35	2.78	35.76	34.68	178869	13436.0	1564.0	15000.0
49.1	27.2	-8495.36	7.39	14.35	2.78	35.76	34.7	178870	13437.0	1563.0	15000.0
49.09	27.2	-8497.5	7.35	14.27	4.02	36.57	34.71	178871	13438.0	1562.0	15000.0
49.08	27.2	-8497.5	7.35	14.27	4.02	36.57	34.7	178872	13439.0	1561.0	15000.0
49.06	27.2	-8492.8	7.34	14.3	4.67	36.7	34.69	178873	13440.0	1560.0	15000.0
49.05	27.2	-8492.8	7.34	14.3	4.67	36.7	34.68	178874	13441.0	1559.0	15000.0
49.04	27.2	-8494.08	7.26	14.37	4.05	34.88	34.68	178875	13442.0	1558.0	15000.0
49.02	27.2	-8494.08	7.26	14.37	4.05	34.88	34.68	178876	13443.0	1557.0	15000.0
49.01	27.2	-8498.78	7.3	14.38	5.05	35.29	34.68	178877	13444.0	1556.0	15000.0
49.0	27.2	-8498.78	7.3	14.38	5.05	35.29	34.69	178878	13445.0	1555.0	15000.0
49.0	27.2	-8495.36	7.34	14.27	4.14	36.71	34.7	178879	13446.0	1554.0	15000.0
49.0	27.2	-8495.36	7.34	14.27	4.14	36.71	34.69	178880	13447.0	1553.0	15000.0
49.01	27.2	-8495.79	7.3	14.3	5.25	36.45	34.68	178881	13448.0	1552.0	15000.0
49.02	27.2	-8495.79	7.3	14.3	5.25	36.45	34.68	178882	13449.0	1551.0	15000.0
49.04	27.2	-8497.92	7.31	14.31	4.13	35.97	34.68	178883	13450.0	1550.0	15000.0
49.05	27.2	-8497.92	7.31	14.31	4.13	35.97	34.68	178884	13451.0	1549.0	15000.0
49.06	27.2	-8500.49	7.33	14.35	4.27	35.13	34.68	178885	13452.0	1548.0	15000.0
49.08	27.2	-8500.49	7.33	14.35	4.27	35.13	34.68	178886	13453.0	1547.0	15000.0
49.09	27.2	-8497.92	7.38	14.33	3.38	35.18	34.67	178887	13454.0	1546.0	15000.0
49.1	27.2	-8497.92	7.38	14.33	3.38	35.18	34.67	178888	13455.0	1545.0	15000.0
49.1	27.2	-8496.21	7.35	14.35	3.53	35.62	34.67	178889	13456.0	1544.0	15000.0
49.1	27.2	-8496.21	7.35	14.35	3.53	35.62	34.67	178890	13457.0	1543.0	15000.0
49.1	27.2	-8493.22	7.32	14.27	4.19	37.18	34.68	178891	13458.0	1542.0	15000.0
49.1	27.2	-8493.22	7.32	14.27	4.19	37.18	34.68	178892	13459.0	1541.0	15000.0
49.1	27.2	-8493.22	7.32	14.27	4.19	37.18	34.68	178893	13460.0	1540.0	15000.0
49.1	27.2	-8493.22	7.32	14.27	4.19	37.18	34.67	178894	13461.0	1539.0	15000.0
49.1	27.2	-8497.07	7.27	14.31	4.75	35.85	34.67	178895	13462.0	1538.0	15000.0
49.1	27.2	-8497.07	7.27	14.31	4.75	35.85	34.67	178896	13463.0	1537.0	15000.0
49.1	27.2	-8495.36	7.32	14.33	4.02	35.59	34.67	178897	13464.0	1536.0	15000.0
49.1	27.2	-8495.36	7.32	14.33	4.02	35.59	34.67	178898	13465.0	1535.0	15000.0
49.1	27.3	-8497.92	7.33	14.36	4.02	35.21	34.67	178899	13466.0	1534.0	15000.0
49.1	27.3	-8497.92	7.33	14.36	4.02	35.21	34.66	178900	13467.0	1533.0	15000.0
49.1	27.3	-8498.35	7.34	14.36	3.07	36.11	34.65	178901	13468.0	1532.0	15000.0
49.1	27.3	-8498.35	7.34	14.36	3.07	36.11	34.65	178902	13469.0	1531.0	15000.0
49.1	27.3	-9054.62	0.27	15.6	-0.92	1.42	34.65	178903	13470.0	1530.0	15000.0
49.1	27.3	-9054.62	0.27	15.6	-0.92	1.42	34.67	178904	13471.0	1529.0	15000.0
