EinAnaTmpMotorWicklU2_20Hz	EinAnaTmpUmgebung_20Hz	XcpAnaDrzMotorIst_20Hz	XcpAnaSpgMotorD_20Hz	XcpAnaSpgMotorQ_20Hz	XcpAnaStrMotorD_20Hz	XcpAnaStrMotorQ_20Hz	XcpAnaTmpElektronik_20Hz	index	runtime	downtime	check_sum
44.49	27.6	-675.48	2.59	4.54	-7.89	58.56	30.55	610801	4300.0	10700.0	15000.0
44.47	27.6	-675.48	2.59	4.54	-7.89	58.56	30.55	610802	4301.0	10699.0	15000.0
44.45	27.6	-10146.67	12.54	15.22	12.86	46.93	30.56	610803	4302.0	10698.0	15000.0
44.42	27.6	-10146.67	12.54	15.22	12.86	46.93	30.57	610804	4303.0	10697.0	15000.0
44.4	27.6	-11060.54	-0.19	18.14	0.78	-1.34	30.58	610805	4304.0	10696.0	15000.0
44.37	27.6	-11060.54	-0.19	18.14	0.78	-1.34	30.59	610806	4305.0	10695.0	15000.0
44.35	27.6	-10232.97	0.7	17.2	0.56	2.77	30.6	610807	4306.0	10694.0	15000.0
44.32	27.6	-10232.97	0.7	17.2	0.56	2.77	30.61	610808	4307.0	10693.0	15000.0
44.3	27.5	-9909.54	1.24	16.81	-0.26	5.06	30.62	610809	4308.0	10692.0	15000.0
44.28	27.5	-9909.54	1.24	16.81	-0.26	5.06	30.63	610810	4309.0	10691.0	15000.0
44.26	27.5	-9819.39	1.4	16.71	-0.45	5.91	30.63	610811	4310.0	10690.0	15000.0
44.24	27.5	-9819.39	1.4	16.71	-0.45	5.91	30.64	610812	4311.0	10689.0	15000.0
44.22	27.5	-9790.77	1.41	16.63	-0.28	6.26	30.65	610813	4312.0	10688.0	15000.0
44.2	27.5	-9790.77	1.41	16.63	-0.28	6.26	30.65	610814	4313.0	10687.0	15000.0
44.18	27.5	-9790.77	1.41	16.63	-0.28	6.26	30.65	610815	4314.0	10686.0	15000.0
44.16	27.5	-9790.77	1.41	16.63	-0.28	6.26	30.65	610816	4315.0	10685.0	15000.0
44.14	27.5	-9785.22	1.46	16.68	-0.37	5.67	30.66	610817	4316.0	10684.0	15000.0
44.12	27.5	-9785.22	1.46	16.68	-0.37	5.67	30.67	610818	4317.0	10683.0	15000.0
44.1	27.7	-9780.52	1.46	16.68	-0.12	5.83	30.68	610819	4318.0	10682.0	15000.0
44.07	27.7	-9780.52	1.46	16.68	-0.12	5.83	30.68	610820	4319.0	10681.0	15000.0
44.03	27.7	-9781.37	1.44	16.66	-0.23	5.99	30.67	610821	4320.0	10680.0	15000.0
43.97	27.7	-9781.37	1.44	16.66	-0.23	5.99	30.67	610822	4321.0	10679.0	15000.0
43.91	27.7	-9780.09	1.44	16.66	0.0	5.57	30.68	610823	4322.0	10678.0	15000.0
43.84	27.7	-9780.09	1.44	16.66	0.0	5.57	30.68	610824	4323.0	10677.0	15000.0
43.76	27.7	-9783.93	1.39	16.64	0.18	6.07	30.69	610825	4324.0	10676.0	15000.0
43.69	27.7	-9783.93	1.39	16.64	0.18	6.07	30.69	610826	4325.0	10675.0	15000.0
43.62	27.7	-9784.36	1.46	16.67	-0.16	6.01	30.69	610827	4326.0	10674.0	15000.0
43.56	27.7	-9784.36	1.46	16.67	-0.16	6.01	30.69	610828	4327.0	10673.0	15000.0
43.5	27.6	-9783.93	1.41	16.65	0.25	6.41	30.7	610829	4328.0	10672.0	15000.0
43.45	27.6	-9783.93	1.41	16.65	0.25	6.41	30.7	610830	4329.0	10671.0	15000.0
43.4	27.6	-9779.66	1.49	16.67	-1.08	6.05	30.7	610831	4330.0	10670.0	15000.0
43.35	27.6	-9779.66	1.49	16.67	-1.08	6.05	30.7	610832	4331.0	10669.0	15000.0
43.3	27.6	-9782.22	1.48	16.62	-1.39	6.22	30.71	610833	4332.0	10668.0	15000.0
43.25	27.6	-9782.22	1.48	16.62	-1.39	6.22	30.71	610834	4333.0	10667.0	15000.0
43.2	27.6	-9778.38	1.42	16.65	-0.97	5.8	30.71	610835	4334.0	10666.0	15000.0
43.15	27.6	-9778.38	1.42	16.65	-0.97	5.8	30.7	610836	4335.0	10665.0	15000.0
43.1	27.6	-9780.09	1.43	16.65	-0.29	5.77	30.7	610837	4336.0	10664.0	15000.0
43.05	27.6	-9780.09	1.43	16.65	-0.29	5.77	30.7	610838	4337.0	10663.0	15000.0
43.0	27.6	-9403.68	3.38	16.22	-1.1	15.28	30.71	610839	4338.0	10662.0	15000.0
42.95	27.6	-9403.68	3.38	16.22	-1.1	15.28	30.71	610840	4339.0	10661.0	15000.0
42.9	27.6	-9403.68	3.38	16.22	-1.1	15.28	30.71	610841	4340.0	10660.0	15000.0
42.85	27.6	-9403.68	3.38	16.22	-1.1	15.28	30.71	610842	4341.0	10659.0	15000.0
42.8	27.6	-9408.38	4.96	16.11	1.26	20.65	30.71	610843	4342.0	10658.0	15000.0
42.75	27.6	-9408.38	4.96	16.11	1.26	20.65	30.71	610844	4343.0	10657.0	15000.0
42.7	27.6	-9526.3	5.59	16.18	1.38	23.49	30.72	610845	4344.0	10656.0	15000.0
42.65	27.6	-9526.3	5.59	16.18	1.38	23.49	30.72	610846	4345.0	10655.0	15000.0
42.6	27.6	-9615.17	5.97	16.2	2.04	25.92	30.72	610847	4346.0	10654.0	15000.0
42.55	27.6	-9615.17	5.97	16.2	2.04	25.92	30.72	610848	4347.0	10653.0	15000.0
42.5	27.7	-9661.31	6.31	16.33	1.54	27.04	30.72	610849	4348.0	10652.0	15000.0
42.45	27.7	-9661.31	6.31	16.33	1.54	27.04	30.73	610850	4349.0	10651.0	15000.0
42.39	27.7	-9701.05	6.58	16.26	2.67	28.83	30.74	610851	4350.0	10650.0	15000.0
42.34	27.7	-9701.05	6.58	16.26	2.67	28.83	30.74	610852	4351.0	10649.0	15000.0
42.28	27.7	-9727.11	6.68	16.36	2.57	27.52	30.74	610853	4352.0	10648.0	15000.0
42.22	27.7	-9727.11	6.68	16.36	2.57	27.52	30.74	610854	4353.0	10647.0	15000.0
42.17	27.7	-9744.63	6.73	16.41	2.93	29.55	30.74	610855	4354.0	10646.0	15000.0
42.12	27.7	-9744.63	6.73	16.41	2.93	29.55	30.74	610856	4355.0	10645.0	15000.0
42.07	27.7	-9760.43	6.78	16.45	3.72	28.46	30.75	610857	4356.0	10644.0	15000.0
42.03	27.7	-9760.43	6.78	16.45	3.72	28.46	30.77	610858	4357.0	10643.0	15000.0
42.0	27.7	-9765.13	6.8	16.34	2.97	30.88	30.78	610859	4358.0	10642.0	15000.0
41.97	27.7	-9765.13	6.8	16.34	2.97	30.88	30.78	610860	4359.0	10641.0	15000.0
41.94	27.7	-9768.13	6.89	16.4	1.45	28.2	30.78	610861	4360.0	10640.0	15000.0
41.91	27.7	-9768.13	6.89	16.4	1.45	28.2	30.78	610862	4361.0	10639.0	15000.0
41.88	27.7	-9773.25	6.81	16.36	3.47	29.67	30.79	610863	4362.0	10638.0	15000.0
41.85	27.7	-9773.25	6.81	16.36	3.47	29.67	30.79	610864	4363.0	10637.0	15000.0
41.82	27.7	-9778.81	6.89	16.44	2.45	28.24	30.8	610865	4364.0	10636.0	15000.0
41.79	27.7	-9778.81	6.89	16.44	2.45	28.24	30.81	610866	4365.0	10635.0	15000.0
41.76	27.7	-9778.38	6.91	16.44	3.14	28.66	30.82	610867	4366.0	10634.0	15000.0
41.73	27.7	-9778.38	6.91	16.44	3.14	28.66	30.82	610868	4367.0	10633.0	15000.0
41.7	27.7	-9780.94	6.9	16.36	2.11	29.84	30.82	610869	4368.0	10632.0	15000.0
41.67	27.7	-9780.94	6.9	16.36	2.11	29.84	30.84	610870	4369.0	10631.0	15000.0
41.64	27.7	-9780.09	6.86	16.35	3.06	31.03	30.85	610871	4370.0	10630.0	15000.0
41.61	27.7	-9780.09	6.86	16.35	3.06	31.03	30.85	610872	4371.0	10629.0	15000.0
41.58	27.7	-9780.52	6.93	16.45	2.03	29.39	30.85	610873	4372.0	10628.0	15000.0
41.55	27.7	-9780.52	6.93	16.45	2.03	29.39	30.85	610874	4373.0	10627.0	15000.0
41.52	27.7	-9780.52	6.93	16.45	2.03	29.39	30.85	610875	4374.0	10626.0	15000.0
41.49	27.7	-9780.52	6.93	16.45	2.03	29.39	30.87	610876	4375.0	10625.0	15000.0
41.46	27.7	-9781.8	6.9	16.39	3.69	29.73	30.89	610877	4376.0	10624.0	15000.0
41.43	27.7	-9781.8	6.9	16.39	3.69	29.73	30.9	610878	4377.0	10623.0	15000.0
41.4	27.7	-9782.22	6.82	16.38	2.8	30.37	30.9	610879	4378.0	10622.0	15000.0
41.37	27.7	-9782.22	6.82	16.38	2.8	30.37	30.89	610880	4379.0	10621.0	15000.0
41.34	27.7	-9775.39	6.91	16.45	2.15	29.68	30.89	610881	4380.0	10620.0	15000.0
41.32	27.7	-9775.39	6.91	16.45	2.15	29.68	30.91	610882	4381.0	10619.0	15000.0
41.3	27.7	-9778.38	6.87	16.47	2.3	28.48	30.93	610883	4382.0	10618.0	15000.0
41.28	27.7	-9778.38	6.87	16.47	2.3	28.48	30.93	610884	4383.0	10617.0	15000.0
41.26	27.7	-9783.51	6.88	16.44	4.24	29.1	30.94	610885	4384.0	10616.0	15000.0
41.24	27.7	-9783.51	6.88	16.44	4.24	29.1	30.95	610886	4385.0	10615.0	15000.0
41.22	27.7	-9781.37	6.89	16.45	2.62	28.97	30.96	610887	4386.0	10614.0	15000.0
41.21	27.7	-9781.37	6.89	16.45	2.62	28.97	30.97	610888	4387.0	10613.0	15000.0
41.2	27.5	-9786.07	6.89	16.41	2.45	29.98	30.97	610889	4388.0	10612.0	15000.0
41.19	27.5	-9786.07	6.89	16.41	2.45	29.98	30.96	610890	4389.0	10611.0	15000.0
41.18	27.5	-9781.8	6.9	16.43	2.68	28.99	30.96	610891	4390.0	10610.0	15000.0
41.17	27.5	-9781.8	6.9	16.43	2.68	28.99	30.97	610892	4391.0	10609.0	15000.0
41.16	27.5	-9779.23	6.9	16.41	2.81	29.96	30.98	610893	4392.0	10608.0	15000.0
41.15	27.5	-9779.23	6.9	16.41	2.81	29.96	30.99	610894	4393.0	10607.0	15000.0
41.14	27.5	-9777.95	6.94	16.45	2.5	28.14	30.99	610895	4394.0	10606.0	15000.0
41.13	27.5	-9777.95	6.94	16.45	2.5	28.14	30.99	610896	4395.0	10605.0	15000.0
41.12	27.5	-9785.64	6.82	16.44	3.47	29.02	30.99	610897	4396.0	10604.0	15000.0
41.11	27.5	-9785.64	6.82	16.44	3.47	29.02	30.99	610898	4397.0	10603.0	15000.0
41.1	27.7	-9785.64	6.82	16.44	3.47	29.02	30.99	610899	4398.0	10602.0	15000.0
41.09	27.7	-9785.64	6.82	16.44	3.47	29.02	31.0	610900	4399.0	10601.0	15000.0
41.08	27.7	-9780.94	6.91	16.36	2.29	29.23	31.01	610901	4400.0	10600.0	15000.0
41.07	27.7	-9780.94	6.91	16.36	2.29	29.23	31.02	610902	4401.0	10599.0	15000.0
41.06	27.7	-9785.22	6.87	16.36	2.99	29.75	31.03	610903	4402.0	10598.0	15000.0
41.05	27.7	-9785.22	6.87	16.36	2.99	29.75	31.03	610904	4403.0	10597.0	15000.0
41.04	27.7	-9780.52	6.92	16.47	3.13	27.55	31.03	610905	4404.0	10596.0	15000.0
41.03	27.7	-9780.52	6.92	16.47	3.13	27.55	31.04	610906	4405.0	10595.0	15000.0
41.02	27.7	-9777.52	6.87	16.43	2.91	28.69	31.05	610907	4406.0	10594.0	15000.0
41.01	27.7	-9777.52	6.87	16.43	2.91	28.69	31.04	610908	4407.0	10593.0	15000.0
41.0	27.5	-9784.36	6.91	16.44	3.15	28.51	31.04	610909	4408.0	10592.0	15000.0
40.99	27.5	-9784.36	6.91	16.44	3.15	28.51	31.06	610910	4409.0	10591.0	15000.0
40.98	27.5	-9781.8	6.84	16.4	2.23	28.51	31.07	610911	4410.0	10590.0	15000.0
40.97	27.5	-9781.8	6.84	16.4	2.23	28.51	31.08	610912	4411.0	10589.0	15000.0
40.96	27.5	-9781.37	6.88	16.46	3.12	28.26	31.08	610913	4412.0	10588.0	15000.0
40.95	27.5	-9781.37	6.88	16.46	3.12	28.26	31.09	610914	4413.0	10587.0	15000.0
40.94	27.5	-9780.09	6.85	16.44	3.08	28.54	31.09	610915	4414.0	10586.0	15000.0
40.93	27.5	-9780.09	6.85	16.44	3.08	28.54	31.09	610916	4415.0	10585.0	15000.0
40.92	27.5	-9781.8	6.86	16.41	1.81	28.44	31.09	610917	4416.0	10584.0	15000.0
40.91	27.5	-9781.8	6.86	16.41	1.81	28.44	31.09	610918	4417.0	10583.0	15000.0
40.9	27.5	-9783.51	6.88	16.41	3.16	29.69	31.1	610919	4418.0	10582.0	15000.0
40.89	27.5	-9783.51	6.88	16.41	3.16	29.69	31.1	610920	4419.0	10581.0	15000.0
40.88	27.5	-9781.37	6.9	16.44	1.76	28.07	31.1	610921	4420.0	10580.0	15000.0
40.86	27.5	-9781.37	6.9	16.44	1.76	28.07	31.11	610922	4421.0	10579.0	15000.0
40.85	27.5	-9781.37	6.86	16.39	2.89	28.98	31.12	610923	4422.0	10578.0	15000.0
40.84	27.5	-9781.37	6.86	16.39	2.89	28.98	31.12	610924	4423.0	10577.0	15000.0
40.83	27.5	-9781.8	6.9	16.43	1.9	28.88	31.12	610925	4424.0	10576.0	15000.0
40.82	27.5	-9781.8	6.9	16.43	1.9	28.88	31.13	610926	4425.0	10575.0	15000.0
40.81	27.5	-9781.8	6.8	16.37	3.71	29.26	31.14	610927	4426.0	10574.0	15000.0
40.8	27.5	-9781.8	6.8	16.37	3.71	29.26	31.14	610928	4427.0	10573.0	15000.0
40.8	27.5	-9781.8	6.8	16.37	3.71	29.26	31.14	610929	4428.0	10572.0	15000.0
40.8	27.5	-9781.8	6.8	16.37	3.71	29.26	31.13	610930	4429.0	10571.0	15000.0
40.8	27.5	-9783.51	6.88	16.38	3.09	28.88	31.12	610931	4430.0	10570.0	15000.0
40.8	27.5	-9783.51	6.88	16.38	3.09	28.88	31.13	610932	4431.0	10569.0	15000.0
40.8	27.5	-9775.39	6.9	16.42	1.54	29.03	31.14	610933	4432.0	10568.0	15000.0
40.8	27.5	-9775.39	6.9	16.42	1.54	29.03	31.13	610934	4433.0	10567.0	15000.0
40.8	27.5	-9785.22	6.94	16.42	2.26	29.84	31.13	610935	4434.0	10566.0	15000.0
40.8	27.5	-9785.22	6.94	16.42	2.26	29.84	31.13	610936	4435.0	10565.0	15000.0
40.8	27.5	-9778.38	6.87	16.36	2.15	30.21	31.14	610937	4436.0	10564.0	15000.0
40.8	27.5	-9778.38	6.87	16.36	2.15	30.21	31.14	610938	4437.0	10563.0	15000.0
40.8	27.7	-9778.38	6.9	16.42	2.39	29.4	31.15	610939	4438.0	10562.0	15000.0
40.8	27.7	-9778.38	6.9	16.42	2.39	29.4	31.16	610940	4439.0	10561.0	15000.0
40.8	27.7	-9774.96	6.88	16.43	2.13	28.88	31.16	610941	4440.0	10560.0	15000.0
40.8	27.7	-9774.96	6.88	16.43	2.13	28.88	31.16	610942	4441.0	10559.0	15000.0
40.8	27.7	-9783.93	6.89	16.41	3.53	29.77	31.16	610943	4442.0	10558.0	15000.0
40.8	27.7	-9783.93	6.89	16.41	3.53	29.77	31.16	610944	4443.0	10557.0	15000.0
40.8	27.7	-9780.94	6.88	16.44	2.41	28.44	31.16	610945	4444.0	10556.0	15000.0
40.8	27.7	-9780.94	6.88	16.44	2.41	28.44	31.16	610946	4445.0	10555.0	15000.0
40.8	27.7	-9786.07	6.88	16.46	2.62	28.74	31.17	610947	4446.0	10554.0	15000.0
40.8	27.7	-9786.07	6.88	16.46	2.62	28.74	31.17	610948	4447.0	10553.0	15000.0
40.8	27.6	-9782.65	6.87	16.44	3.64	29.0	31.18	610949	4448.0	10552.0	15000.0
40.8	27.6	-9782.65	6.87	16.44	3.64	29.0	31.19	610950	4449.0	10551.0	15000.0
40.8	27.6	-9779.66	6.88	16.41	3.65	30.15	31.19	610951	4450.0	10550.0	15000.0
40.8	27.6	-9779.66	6.88	16.41	3.65	30.15	31.19	610952	4451.0	10549.0	15000.0
40.8	27.6	-9786.07	6.89	16.39	2.72	30.46	31.19	610953	4452.0	10548.0	15000.0
40.8	27.6	-9786.07	6.89	16.39	2.72	30.46	31.19	610954	4453.0	10547.0	15000.0
40.8	27.6	-9786.07	6.89	16.39	2.72	30.46	31.19	610955	4454.0	10546.0	15000.0
40.8	27.6	-9786.07	6.89	16.39	2.72	30.46	31.19	610956	4455.0	10545.0	15000.0
40.8	27.6	-9782.22	6.94	16.45	2.48	28.53	31.19	610957	4456.0	10544.0	15000.0
40.8	27.6	-9782.22	6.94	16.45	2.48	28.53	31.19	610958	4457.0	10543.0	15000.0
40.8	27.7	-9782.22	6.84	16.41	3.46	29.85	31.2	610959	4458.0	10542.0	15000.0
40.8	27.7	-9782.22	6.84	16.41	3.46	29.85	31.2	610960	4459.0	10541.0	15000.0
40.8	27.7	-9783.51	6.84	16.44	4.25	29.68	31.2	610961	4460.0	10540.0	15000.0
40.8	27.7	-9783.51	6.84	16.44	4.25	29.68	31.21	610962	4461.0	10539.0	15000.0
40.8	27.7	-9776.67	6.88	16.44	2.62	28.31	31.22	610963	4462.0	10538.0	15000.0
40.8	27.7	-9776.67	6.88	16.44	2.62	28.31	31.21	610964	4463.0	10537.0	15000.0
40.8	27.7	-9780.94	6.89	16.42	3.23	28.45	31.21	610965	4464.0	10536.0	15000.0
40.8	27.7	-9780.94	6.89	16.42	3.23	28.45	31.21	610966	4465.0	10535.0	15000.0
40.8	27.7	-9782.65	6.89	16.44	2.63	28.8	31.21	610967	4466.0	10534.0	15000.0
40.8	27.7	-9782.65	6.89	16.44	2.63	28.8	31.21	610968	4467.0	10533.0	15000.0
40.8	27.7	-9784.79	6.86	16.39	3.0	30.43	31.21	610969	4468.0	10532.0	15000.0
40.8	27.7	-9784.79	6.86	16.39	3.0	30.43	31.21	610970	4469.0	10531.0	15000.0
40.79	27.7	-9779.66	6.9	16.4	2.32	28.55	31.22	610971	4470.0	10530.0	15000.0
40.78	27.7	-9779.66	6.9	16.4	2.32	28.55	31.22	610972	4471.0	10529.0	15000.0
40.77	27.7	-9781.37	6.83	16.44	2.74	28.91	31.22	610973	4472.0	10528.0	15000.0
40.76	27.7	-9781.37	6.83	16.44	2.74	28.91	31.23	610974	4473.0	10527.0	15000.0
40.74	27.7	-9784.79	6.87	16.42	2.55	28.07	31.23	610975	4474.0	10526.0	15000.0
40.73	27.7	-9784.79	6.87	16.42	2.55	28.07	31.23	610976	4475.0	10525.0	15000.0
40.72	27.7	-9786.07	6.84	16.45	3.91	29.53	31.23	610977	4476.0	10524.0	15000.0
40.71	27.7	-9786.07	6.84	16.45	3.91	29.53	31.23	610978	4477.0	10523.0	15000.0
40.7	27.5	-9777.95	6.9	16.44	3.21	27.91	31.23	610979	4478.0	10522.0	15000.0
40.7	27.5	-9777.95	6.9	16.44	3.21	27.91	31.24	610980	4479.0	10521.0	15000.0
40.69	27.5	-9782.65	6.93	16.35	3.08	29.84	31.25	610981	4480.0	10520.0	15000.0
40.69	27.5	-9782.65	6.93	16.35	3.08	29.84	31.25	610982	4481.0	10519.0	15000.0
40.69	27.5	-9784.79	6.82	16.47	2.97	27.45	31.24	610983	4482.0	10518.0	15000.0
40.69	27.5	-9784.79	6.82	16.47	2.97	27.45	31.24	610984	4483.0	10517.0	15000.0
40.69	27.5	-9773.68	6.87	16.44	2.66	28.54	31.24	610985	4484.0	10516.0	15000.0
40.69	27.5	-9773.68	6.87	16.44	2.66	28.54	31.24	610986	4485.0	10515.0	15000.0
40.69	27.5	-9781.8	6.84	16.41	2.88	29.11	31.25	610987	4486.0	10514.0	15000.0
40.7	27.5	-9781.8	6.84	16.41	2.88	29.11	31.25	610988	4487.0	10513.0	15000.0
40.7	27.6	-9784.36	6.92	16.45	3.16	28.7	31.24	610989	4488.0	10512.0	15000.0
40.71	27.6	-9784.36	6.92	16.45	3.16	28.7	31.24	610990	4489.0	10511.0	15000.0
40.72	27.6	-9780.94	6.86	16.43	2.95	28.86	31.25	610991	4490.0	10510.0	15000.0
40.73	27.6	-9780.94	6.86	16.43	2.95	28.86	31.25	610992	4491.0	10509.0	15000.0
40.74	27.6	-9780.94	6.86	16.43	2.95	28.86	31.25	610993	4492.0	10508.0	15000.0
40.75	27.6	-9780.94	6.86	16.43	2.95	28.86	31.26	610994	4493.0	10507.0	15000.0
40.76	27.6	-9779.23	6.9	16.43	3.03	28.48	31.26	610995	4494.0	10506.0	15000.0
40.77	27.6	-9779.23	6.9	16.43	3.03	28.48	31.26	610996	4495.0	10505.0	15000.0
40.78	27.6	-9783.51	6.88	16.45	2.65	27.86	31.26	610997	4496.0	10504.0	15000.0
40.79	27.6	-9783.51	6.88	16.45	2.65	27.86	31.26	610998	4497.0	10503.0	15000.0
40.8	27.7	-9780.09	6.9	16.43	2.25	28.21	31.25	610999	4498.0	10502.0	15000.0
40.8	27.7	-9780.09	6.9	16.43	2.25	28.21	31.25	611000	4499.0	10501.0	15000.0
40.81	27.7	-9786.5	6.83	16.41	3.66	29.24	31.26	611001	4500.0	10500.0	15000.0
40.81	27.7	-9786.5	6.83	16.41	3.66	29.24	31.25	611002	4501.0	10499.0	15000.0
40.81	27.7	-9779.23	6.87	16.4	2.77	27.7	31.25	611003	4502.0	10498.0	15000.0
40.81	27.7	-9779.23	6.87	16.4	2.77	27.7	31.25	611004	4503.0	10497.0	15000.0
40.81	27.7	-9783.51	6.91	16.45	3.09	27.99	31.26	611005	4504.0	10496.0	15000.0
40.81	27.7	-9783.51	6.91	16.45	3.09	27.99	31.27	611006	4505.0	10495.0	15000.0
40.81	27.7	-9782.22	6.86	16.4	2.28	29.04	31.28	611007	4506.0	10494.0	15000.0
40.8	27.7	-9782.22	6.86	16.4	2.28	29.04	31.27	611008	4507.0	10493.0	15000.0
40.8	27.7	-9782.65	6.87	16.39	3.03	29.03	31.26	611009	4508.0	10492.0	15000.0
40.79	27.7	-9782.65	6.87	16.39	3.03	29.03	31.27	611010	4509.0	10491.0	15000.0
40.79	27.7	-9781.37	6.85	16.46	3.5	28.37	31.27	611011	4510.0	10490.0	15000.0
40.77	27.7	-9781.37	6.85	16.46	3.5	28.37	31.26	611012	4511.0	10489.0	15000.0
40.76	27.7	-9783.93	6.92	16.44	3.19	28.19	31.26	611013	4512.0	10488.0	15000.0
40.75	27.7	-9783.93	6.92	16.44	3.19	28.19	31.27	611014	4513.0	10487.0	15000.0
40.73	27.7	-9780.52	6.93	16.42	3.07	29.07	31.27	611015	4514.0	10486.0	15000.0
40.72	27.7	-9780.52	6.93	16.42	3.07	29.07	31.27	611016	4515.0	10485.0	15000.0
40.71	27.7	-9780.52	6.93	16.42	3.07	29.07	31.27	611017	4516.0	10484.0	15000.0
40.7	27.7	-9780.52	6.93	16.42	3.07	29.07	31.27	611018	4517.0	10483.0	15000.0
40.7	27.7	-9780.94	6.88	16.49	2.97	27.38	31.27	611019	4518.0	10482.0	15000.0
40.7	27.7	-9780.94	6.88	16.49	2.97	27.38	31.27	611020	4519.0	10481.0	15000.0
40.71	27.7	-9780.09	6.88	16.44	2.43	28.4	31.28	611021	4520.0	10480.0	15000.0
40.72	27.7	-9780.09	6.88	16.44	2.43	28.4	31.28	611022	4521.0	10479.0	15000.0
40.74	27.7	-9781.8	6.9	16.45	2.48	28.56	31.27	611023	4522.0	10478.0	15000.0
40.75	27.7	-9781.8	6.9	16.45	2.48	28.56	31.27	611024	4523.0	10477.0	15000.0
40.76	27.7	-9783.51	6.92	16.42	2.59	28.65	31.27	611025	4524.0	10476.0	15000.0
40.78	27.7	-9783.51	6.92	16.42	2.59	28.65	31.28	611026	4525.0	10475.0	15000.0
40.79	27.7	-9783.08	6.87	16.4	2.69	29.07	31.28	611027	4526.0	10474.0	15000.0
40.8	27.7	-9783.08	6.87	16.4	2.69	29.07	31.28	611028	4527.0	10473.0	15000.0
40.8	27.6	-9780.09	6.83	16.41	4.21	29.67	31.28	611029	4528.0	10472.0	15000.0
40.8	27.6	-9780.09	6.83	16.41	4.21	29.67	31.28	611030	4529.0	10471.0	15000.0
40.8	27.6	-9778.38	6.89	16.45	3.23	28.62	31.28	611031	4530.0	10470.0	15000.0
40.8	27.6	-9778.38	6.89	16.45	3.23	28.62	31.27	611032	4531.0	10469.0	15000.0
40.8	27.6	-9782.22	6.92	16.43	2.67	28.08	31.27	611033	4532.0	10468.0	15000.0
40.8	27.6	-9782.22	6.92	16.43	2.67	28.08	31.27	611034	4533.0	10467.0	15000.0
40.8	27.6	-9777.95	6.93	16.43	2.38	27.72	31.28	611035	4534.0	10466.0	15000.0
40.8	27.6	-9777.95	6.93	16.43	2.38	27.72	31.28	611036	4535.0	10465.0	15000.0
40.8	27.6	-9784.79	6.88	16.4	3.18	30.27	31.29	611037	4536.0	10464.0	15000.0
40.8	27.6	-9784.79	6.88	16.4	3.18	30.27	31.29	611038	4537.0	10463.0	15000.0
40.8	27.6	-9782.65	6.9	16.42	2.76	28.49	31.29	611039	4538.0	10462.0	15000.0
40.8	27.6	-9782.65	6.9	16.42	2.76	28.49	31.3	611040	4539.0	10461.0	15000.0
40.8	27.6	-9782.22	6.89	16.43	2.2	28.45	31.3	611041	4540.0	10460.0	15000.0
40.8	27.6	-9782.22	6.89	16.43	2.2	28.45	31.3	611042	4541.0	10459.0	15000.0
40.8	27.6	-9779.66	6.91	16.37	3.14	28.8	31.29	611043	4542.0	10458.0	15000.0
40.8	27.6	-9779.66	6.91	16.37	3.14	28.8	31.29	611044	4543.0	10457.0	15000.0
40.8	27.6	-9779.66	6.91	16.37	3.14	28.8	31.29	611045	4544.0	10456.0	15000.0
40.8	27.6	-9779.66	6.91	16.37	3.14	28.8	31.3	611046	4545.0	10455.0	15000.0
40.8	27.6	-9782.22	6.85	16.45	2.39	28.14	31.3	611047	4546.0	10454.0	15000.0
40.8	27.6	-9782.22	6.85	16.45	2.39	28.14	31.29	611048	4547.0	10453.0	15000.0
40.8	27.6	-9779.66	6.88	16.42	3.12	28.92	31.29	611049	4548.0	10452.0	15000.0
40.8	27.6	-9779.66	6.88	16.42	3.12	28.92	31.29	611050	4549.0	10451.0	15000.0
40.8	27.6	-9784.36	6.87	16.42	3.2	29.02	31.29	611051	4550.0	10450.0	15000.0
40.8	27.6	-9784.36	6.87	16.42	3.2	29.02	31.29	611052	4551.0	10449.0	15000.0
40.8	27.6	-9784.36	6.87	16.42	3.2	29.02	31.29	611053	4552.0	10448.0	15000.0
40.8	27.6	-9784.36	6.87	16.42	3.2	29.02	31.29	611054	4553.0	10447.0	15000.0
40.8	27.6	-9780.94	6.88	16.43	2.33	28.32	31.29	611055	4554.0	10446.0	15000.0
40.8	27.6	-9780.94	6.88	16.43	2.33	28.32	31.29	611056	4555.0	10445.0	15000.0
40.8	27.6	-9778.81	6.85	16.39	3.5	29.06	31.3	611057	4556.0	10444.0	15000.0
40.8	27.6	-9778.81	6.85	16.39	3.5	29.06	31.29	611058	4557.0	10443.0	15000.0
40.8	27.7	-9781.8	6.92	16.46	2.58	27.88	31.29	611059	4558.0	10442.0	15000.0
40.8	27.7	-9781.8	6.92	16.46	2.58	27.88	31.29	611060	4559.0	10441.0	15000.0
40.8	27.7	-9781.37	6.87	16.44	3.46	28.86	31.29	611061	4560.0	10440.0	15000.0
40.8	27.7	-9781.37	6.87	16.44	3.46	28.86	31.29	611062	4561.0	10439.0	15000.0
40.8	27.7	-9777.1	6.9	16.39	2.5	29.23	31.29	611063	4562.0	10438.0	15000.0
40.8	27.7	-9777.1	6.9	16.39	2.5	29.23	31.3	611064	4563.0	10437.0	15000.0
40.8	27.7	-9785.22	6.88	16.36	2.26	30.17	31.31	611065	4564.0	10436.0	15000.0
40.8	27.7	-9785.22	6.88	16.36	2.26	30.17	31.3	611066	4565.0	10435.0	15000.0
40.8	27.7	-9784.36	6.88	16.43	2.99	27.68	31.29	611067	4566.0	10434.0	15000.0
40.8	27.7	-9784.36	6.88	16.43	2.99	27.68	31.3	611068	4567.0	10433.0	15000.0
40.8	27.5	-9780.09	6.86	16.41	2.76	28.75	31.31	611069	4568.0	10432.0	15000.0
40.8	27.5	-9780.09	6.86	16.41	2.76	28.75	31.3	611070	4569.0	10431.0	15000.0
40.8	27.5	-9786.07	6.85	16.43	2.72	29.33	31.3	611071	4570.0	10430.0	15000.0
40.8	27.5	-9786.07	6.85	16.43	2.72	29.33	31.3	611072	4571.0	10429.0	15000.0
40.8	27.5	-9782.65	6.88	16.45	4.22	29.73	31.3	611073	4572.0	10428.0	15000.0
40.8	27.5	-9782.65	6.88	16.45	4.22	29.73	31.3	611074	4573.0	10427.0	15000.0
40.8	27.5	-9781.37	6.84	16.39	3.3	30.15	31.3	611075	4574.0	10426.0	15000.0
40.8	27.5	-9781.37	6.84	16.39	3.3	30.15	31.3	611076	4575.0	10425.0	15000.0
40.8	27.5	-9781.37	6.84	16.39	3.3	30.15	31.3	611077	4576.0	10424.0	15000.0
40.8	27.5	-9781.37	6.84	16.39	3.3	30.15	31.3	611078	4577.0	10423.0	15000.0
40.8	27.5	-9783.51	6.9	16.36	2.61	30.74	31.3	611079	4578.0	10422.0	15000.0
40.8	27.5	-9783.51	6.9	16.36	2.61	30.74	31.3	611080	4579.0	10421.0	15000.0
40.8	27.5	-9777.95	6.85	16.42	3.75	29.49	31.31	611081	4580.0	10420.0	15000.0
40.8	27.5	-9777.95	6.85	16.42	3.75	29.49	31.31	611082	4581.0	10419.0	15000.0
40.8	27.5	-9783.93	6.92	16.44	2.76	29.85	31.31	611083	4582.0	10418.0	15000.0
40.8	27.5	-9783.93	6.92	16.44	2.76	29.85	31.31	611084	4583.0	10417.0	15000.0
40.8	27.5	-9781.37	6.84	16.37	3.54	30.79	31.31	611085	4584.0	10416.0	15000.0
40.8	27.5	-9781.37	6.84	16.37	3.54	30.79	31.31	611086	4585.0	10415.0	15000.0
40.8	27.5	-9783.93	6.88	16.38	2.37	28.78	31.31	611087	4586.0	10414.0	15000.0
40.8	27.5	-9783.93	6.88	16.38	2.37	28.78	31.31	611088	4587.0	10413.0	15000.0
40.8	27.5	-9781.8	6.85	16.42	4.54	29.34	31.3	611089	4588.0	10412.0	15000.0
40.81	27.5	-9781.8	6.85	16.42	4.54	29.34	31.3	611090	4589.0	10411.0	15000.0
40.82	27.5	-9781.37	6.88	16.43	2.58	28.39	31.31	611091	4590.0	10410.0	15000.0
40.84	27.5	-9781.37	6.88	16.43	2.58	28.39	31.3	611092	4591.0	10409.0	15000.0
40.87	27.5	-9782.22	6.85	16.37	3.25	29.04	31.3	611093	4592.0	10408.0	15000.0
40.9	27.5	-9782.22	6.85	16.37	3.25	29.04	31.31	611094	4593.0	10407.0	15000.0
40.93	27.5	-9779.23	6.93	16.47	2.65	28.6	31.32	611095	4594.0	10406.0	15000.0
40.96	27.5	-9779.23	6.93	16.47	2.65	28.6	31.31	611096	4595.0	10405.0	15000.0
40.98	27.5	-9786.5	6.84	16.46	2.64	28.63	31.31	611097	4596.0	10404.0	15000.0
40.99	27.5	-9786.5	6.84	16.46	2.64	28.63	31.31	611098	4597.0	10403.0	15000.0
41.0	27.5	-9779.66	6.92	16.38	3.25	30.23	31.31	611099	4598.0	10402.0	15000.0
41.0	27.5	-9779.66	6.92	16.38	3.25	30.23	31.31	611100	4599.0	10401.0	15000.0
41.0	27.5	-9779.66	6.92	16.38	3.25	30.23	31.31	611101	4600.0	10400.0	15000.0
41.0	27.5	-9779.66	6.92	16.38	3.25	30.23	31.31	611102	4601.0	10399.0	15000.0
41.0	27.5	-9783.93	6.9	16.37	2.68	30.61	31.31	611103	4602.0	10398.0	15000.0
41.0	27.5	-9783.93	6.9	16.37	2.68	30.61	31.32	611104	4603.0	10397.0	15000.0
41.0	27.5	-9775.39	6.91	16.41	3.38	29.58	31.32	611105	4604.0	10396.0	15000.0
41.0	27.5	-9775.39	6.91	16.41	3.38	29.58	31.32	611106	4605.0	10395.0	15000.0
41.0	27.5	-9781.37	6.81	16.41	3.52	29.51	31.31	611107	4606.0	10394.0	15000.0
41.0	27.5	-9781.37	6.81	16.41	3.52	29.51	31.31	611108	4607.0	10393.0	15000.0
41.0	27.5	-9775.82	6.95	16.44	2.4	28.37	31.31	611109	4608.0	10392.0	15000.0
41.0	27.5	-9775.82	6.95	16.44	2.4	28.37	31.3	611110	4609.0	10391.0	15000.0
41.0	27.5	-9783.51	6.82	16.46	3.28	28.55	31.3	611111	4610.0	10390.0	15000.0
41.0	27.5	-9783.51	6.82	16.46	3.28	28.55	31.3	611112	4611.0	10389.0	15000.0
41.0	27.5	-9785.22	6.89	16.45	3.19	27.95	31.31	611113	4612.0	10388.0	15000.0
41.0	27.5	-9785.22	6.89	16.45	3.19	27.95	31.31	611114	4613.0	10387.0	15000.0
41.0	27.5	-9783.93	6.9	16.37	2.62	29.71	31.32	611115	4614.0	10386.0	15000.0
41.0	27.5	-9783.93	6.9	16.37	2.62	29.71	31.32	611116	4615.0	10385.0	15000.0
41.0	27.5	-9779.66	6.9	16.47	3.19	27.44	31.31	611117	4616.0	10384.0	15000.0
41.0	27.5	-9779.66	6.9	16.47	3.19	27.44	31.3	611118	4617.0	10383.0	15000.0
41.0	27.5	-9778.38	6.84	16.45	3.14	28.52	31.3	611119	4618.0	10382.0	15000.0
41.0	27.5	-9778.38	6.84	16.45	3.14	28.52	31.3	611120	4619.0	10381.0	15000.0
41.0	27.5	-9787.78	6.88	16.45	2.96	28.6	31.31	611121	4620.0	10380.0	15000.0
41.0	27.5	-9787.78	6.88	16.45	2.96	28.6	31.31	611122	4621.0	10379.0	15000.0
41.0	27.5	-9782.22	6.88	16.4	2.75	29.1	31.32	611123	4622.0	10378.0	15000.0
41.0	27.5	-9782.22	6.88	16.4	2.75	29.1	31.32	611124	4623.0	10377.0	15000.0
41.0	27.5	-9782.22	6.9	16.38	2.04	29.28	31.31	611125	4624.0	10376.0	15000.0
41.0	27.5	-9782.22	6.9	16.38	2.04	29.28	31.31	611126	4625.0	10375.0	15000.0
41.0	27.5	-9782.22	6.9	16.38	2.04	29.28	31.31	611127	4626.0	10374.0	15000.0
41.0	27.5	-9782.22	6.9	16.38	2.04	29.28	31.31	611128	4627.0	10373.0	15000.0
41.0	27.5	-9778.81	6.83	16.46	3.33	28.62	31.32	611129	4628.0	10372.0	15000.0
41.0	27.5	-9778.81	6.83	16.46	3.33	28.62	31.31	611130	4629.0	10371.0	15000.0
41.0	27.5	-9782.65	6.91	16.44	3.12	27.65	31.3	611131	4630.0	10370.0	15000.0
41.0	27.5	-9782.65	6.91	16.44	3.12	27.65	31.31	611132	4631.0	10369.0	15000.0
41.0	27.5	-9777.1	6.88	16.39	2.04	29.42	31.32	611133	4632.0	10368.0	15000.0
41.0	27.5	-9777.1	6.88	16.39	2.04	29.42	31.31	611134	4633.0	10367.0	15000.0
41.0	27.5	-9785.22	6.91	16.4	3.05	28.99	31.31	611135	4634.0	10366.0	15000.0
41.0	27.5	-9785.22	6.91	16.4	3.05	28.99	31.32	611136	4635.0	10365.0	15000.0
41.0	27.5	-9779.23	6.86	16.37	1.92	29.56	31.32	611137	4636.0	10364.0	15000.0
41.0	27.5	-9779.23	6.86	16.37	1.92	29.56	31.31	611138	4637.0	10363.0	15000.0
41.0	27.5	-9779.66	6.92	16.45	3.23	28.02	31.31	611139	4638.0	10362.0	15000.0
41.0	27.5	-9779.66	6.92	16.45	3.23	28.02	31.31	611140	4639.0	10361.0	15000.0
41.0	27.5	-9781.8	6.89	16.45	2.86	27.96	31.31	611141	4640.0	10360.0	15000.0
41.0	27.5	-9781.8	6.89	16.45	2.86	27.96	31.31	611142	4641.0	10359.0	15000.0
41.0	27.5	-9780.94	6.87	16.43	2.51	28.51	31.31	611143	4642.0	10358.0	15000.0
41.0	27.5	-9780.94	6.87	16.43	2.51	28.51	31.31	611144	4643.0	10357.0	15000.0
41.0	27.5	-9781.8	6.89	16.4	3.12	29.53	31.31	611145	4644.0	10356.0	15000.0
41.0	27.5	-9781.8	6.89	16.4	3.12	29.53	31.31	611146	4645.0	10355.0	15000.0
41.0	27.5	-9780.52	6.88	16.43	2.68	28.33	31.31	611147	4646.0	10354.0	15000.0
41.0	27.5	-9780.52	6.88	16.43	2.68	28.33	31.31	611148	4647.0	10353.0	15000.0
41.0	27.6	-9781.37	6.89	16.46	2.48	27.66	31.31	611149	4648.0	10352.0	15000.0
41.0	27.6	-9781.37	6.89	16.46	2.48	27.66	31.31	611150	4649.0	10351.0	15000.0
41.01	27.6	-9779.66	6.87	16.41	3.27	28.81	31.31	611151	4650.0	10350.0	15000.0
41.02	27.6	-9779.66	6.87	16.41	3.27	28.81	31.31	611152	4651.0	10349.0	15000.0
41.04	27.6	-9779.66	6.87	16.41	3.27	28.81	31.31	611153	4652.0	10348.0	15000.0
41.05	27.6	-9779.66	6.87	16.41	3.27	28.81	31.31	611154	4653.0	10347.0	15000.0
41.06	27.6	-9785.64	6.95	16.42	1.97	28.6	31.31	611155	4654.0	10346.0	15000.0
41.08	27.6	-9785.64	6.95	16.42	1.97	28.6	31.31	611156	4655.0	10345.0	15000.0
41.09	27.6	-9785.22	6.82	16.37	3.77	29.37	31.31	611157	4656.0	10344.0	15000.0
41.1	27.6	-9785.22	6.82	16.37	3.77	29.37	31.31	611158	4657.0	10343.0	15000.0
41.1	27.6	-9783.51	6.88	16.39	3.31	29.04	31.31	611159	4658.0	10342.0	15000.0
41.1	27.6	-9783.51	6.88	16.39	3.31	29.04	31.31	611160	4659.0	10341.0	15000.0
41.1	27.6	-9786.07	6.88	16.44	3.25	28.23	31.31	611161	4660.0	10340.0	15000.0
41.1	27.6	-9786.07	6.88	16.44	3.25	28.23	31.31	611162	4661.0	10339.0	15000.0
41.1	27.6	-9783.08	6.82	16.44	3.0	28.37	31.31	611163	4662.0	10338.0	15000.0
41.1	27.6	-9783.08	6.82	16.44	3.0	28.37	31.32	611164	4663.0	10337.0	15000.0
41.1	27.6	-9781.37	6.93	16.44	3.52	27.97	31.32	611165	4664.0	10336.0	15000.0
41.1	27.6	-9781.37	6.93	16.44	3.52	27.97	31.32	611166	4665.0	10335.0	15000.0
41.1	27.6	-9781.8	6.91	16.44	2.31	28.13	31.32	611167	4666.0	10334.0	15000.0
41.1	27.6	-9781.8	6.91	16.44	2.31	28.13	31.32	611168	4667.0	10333.0	15000.0
41.1	27.7	-9781.8	6.86	16.43	3.31	28.87	31.32	611169	4668.0	10332.0	15000.0
41.1	27.7	-9781.8	6.86	16.43	3.31	28.87	31.32	611170	4669.0	10331.0	15000.0
41.1	27.7	-9781.8	6.93	16.42	2.91	28.44	31.31	611171	4670.0	10330.0	15000.0
41.1	27.7	-9781.8	6.93	16.42	2.91	28.44	31.31	611172	4671.0	10329.0	15000.0
41.1	27.7	-9781.8	6.81	16.42	3.78	28.33	31.32	611173	4672.0	10328.0	15000.0
41.1	27.7	-9781.8	6.81	16.42	3.78	28.33	31.31	611174	4673.0	10327.0	15000.0
41.1	27.7	-9786.5	6.92	16.34	2.0	29.81	31.31	611175	4674.0	10326.0	15000.0
41.1	27.7	-9786.5	6.92	16.34	2.0	29.81	31.32	611176	4675.0	10325.0	15000.0
41.1	27.7	-9776.24	6.87	16.41	3.22	28.5	31.32	611177	4676.0	10324.0	15000.0
41.1	27.7	-9776.24	6.87	16.41	3.22	28.5	31.32	611178	4677.0	10323.0	15000.0
41.1	27.5	-9781.37	6.91	16.41	1.86	28.51	31.32	611179	4678.0	10322.0	15000.0
41.1	27.5	-9781.37	6.91	16.41	1.86	28.51	31.32	611180	4679.0	10321.0	15000.0
41.1	27.5	-9786.5	6.89	16.44	3.15	29.23	31.32	611181	4680.0	10320.0	15000.0
41.1	27.5	-9786.5	6.89	16.44	3.15	29.23	31.32	611182	4681.0	10319.0	15000.0
41.1	27.5	-9786.5	6.89	16.44	3.15	29.23	31.32	611183	4682.0	10318.0	15000.0
41.1	27.5	-9786.5	6.89	16.44	3.15	29.23	31.32	611184	4683.0	10317.0	15000.0
41.1	27.5	-9782.22	6.92	16.42	3.24	28.78	31.31	611185	4684.0	10316.0	15000.0
41.1	27.5	-9782.22	6.92	16.42	3.24	28.78	31.32	611186	4685.0	10315.0	15000.0
41.1	27.5	-9787.78	6.86	16.41	2.56	28.73	31.33	611187	4686.0	10314.0	15000.0
41.1	27.5	-9787.78	6.86	16.41	2.56	28.73	31.32	611188	4687.0	10313.0	15000.0
41.1	27.5	-9781.37	6.89	16.44	3.38	28.25	31.31	611189	4688.0	10312.0	15000.0
41.1	27.5	-9781.37	6.89	16.44	3.38	28.25	31.32	611190	4689.0	10311.0	15000.0
41.1	27.5	-9777.95	6.84	16.43	2.78	28.3	31.33	611191	4690.0	10310.0	15000.0
41.1	27.5	-9777.95	6.84	16.43	2.78	28.3	31.32	611192	4691.0	10309.0	15000.0
41.1	27.5	-9783.93	6.88	16.42	2.65	28.35	31.31	611193	4692.0	10308.0	15000.0
41.1	27.5	-9783.93	6.88	16.42	2.65	28.35	31.32	611194	4693.0	10307.0	15000.0
41.1	27.5	-9784.36	6.86	16.39	3.14	29.48	31.32	611195	4694.0	10306.0	15000.0
41.1	27.5	-9784.36	6.86	16.39	3.14	29.48	31.31	611196	4695.0	10305.0	15000.0
41.1	27.5	-9780.52	6.83	16.43	2.82	28.08	31.31	611197	4696.0	10304.0	15000.0
41.1	27.5	-9780.52	6.83	16.43	2.82	28.08	31.31	611198	4697.0	10303.0	15000.0
41.1	27.7	-9785.22	6.86	16.41	2.8	29.29	31.31	611199	4698.0	10302.0	15000.0
41.1	27.7	-9785.22	6.86	16.41	2.8	29.29	31.31	611200	4699.0	10301.0	15000.0
41.11	27.7	-9781.8	6.93	16.41	1.96	28.76	31.31	611201	4700.0	10300.0	15000.0
41.12	27.7	-9781.8	6.93	16.41	1.96	28.76	31.31	611202	4701.0	10299.0	15000.0
41.14	27.7	-9781.8	6.93	16.41	1.96	28.76	31.31	611203	4702.0	10298.0	15000.0
41.15	27.7	-9781.8	6.93	16.41	1.96	28.76	31.31	611204	4703.0	10297.0	15000.0
41.16	27.7	-9784.79	6.88	16.43	1.84	28.56	31.31	611205	4704.0	10296.0	15000.0
41.18	27.7	-9784.79	6.88	16.43	1.84	28.56	31.31	611206	4705.0	10295.0	15000.0
41.19	27.7	-9780.94	6.85	16.43	1.98	28.56	31.32	611207	4706.0	10294.0	15000.0
41.2	27.7	-9780.94	6.85	16.43	1.98	28.56	31.32	611208	4707.0	10293.0	15000.0
41.2	27.5	-9780.52	6.92	16.44	3.24	27.8	31.32	611209	4708.0	10292.0	15000.0
41.2	27.5	-9780.52	6.92	16.44	3.24	27.8	31.32	611210	4709.0	10291.0	15000.0
41.2	27.5	-9783.08	6.9	16.34	1.96	30.36	31.32	611211	4710.0	10290.0	15000.0
41.2	27.5	-9783.08	6.9	16.34	1.96	30.36	31.31	611212	4711.0	10289.0	15000.0
41.2	27.5	-9781.37	6.85	16.45	3.11	27.53	31.3	611213	4712.0	10288.0	15000.0
41.2	27.5	-9781.37	6.85	16.45	3.11	27.53	31.31	611214	4713.0	10287.0	15000.0
41.2	27.5	-9782.65	6.85	16.45	2.51	28.11	31.32	611215	4714.0	10286.0	15000.0
41.2	27.5	-9782.65	6.85	16.45	2.51	28.11	31.32	611216	4715.0	10285.0	15000.0
41.2	27.5	-9784.36	6.87	16.42	2.86	29.09	31.32	611217	4716.0	10284.0	15000.0
41.2	27.5	-9784.36	6.87	16.42	2.86	29.09	31.32	611218	4717.0	10283.0	15000.0
41.2	27.5	-9784.36	6.87	16.42	2.86	29.09	31.32	611219	4718.0	10282.0	15000.0
41.2	27.5	-9784.36	6.87	16.42	2.86	29.09	31.32	611220	4719.0	10281.0	15000.0
41.2	27.5	-9785.22	6.91	16.48	3.04	28.4	31.32	611221	4720.0	10280.0	15000.0
41.2	27.5	-9785.22	6.91	16.48	3.04	28.4	31.31	611222	4721.0	10279.0	15000.0
41.2	27.5	-9784.79	6.91	16.43	3.1	28.69	31.31	611223	4722.0	10278.0	15000.0
41.2	27.5	-9784.79	6.91	16.43	3.1	28.69	31.3	611224	4723.0	10277.0	15000.0
41.2	27.5	-9783.51	6.89	16.39	2.8	29.16	31.3	611225	4724.0	10276.0	15000.0
41.2	27.5	-9783.51	6.89	16.39	2.8	29.16	31.31	611226	4725.0	10275.0	15000.0
41.2	27.5	-9777.52	6.82	16.41	3.43	28.69	31.32	611227	4726.0	10274.0	15000.0
41.2	27.5	-9777.52	6.82	16.41	3.43	28.69	31.32	611228	4727.0	10273.0	15000.0
41.2	27.7	-9777.52	6.89	16.41	3.0	30.03	31.31	611229	4728.0	10272.0	15000.0
41.2	27.7	-9777.52	6.89	16.41	3.0	30.03	31.31	611230	4729.0	10271.0	15000.0
41.2	27.7	-9782.65	6.82	16.36	3.16	29.92	31.32	611231	4730.0	10270.0	15000.0
41.2	27.7	-9782.65	6.82	16.36	3.16	29.92	31.31	611232	4731.0	10269.0	15000.0
41.2	27.7	-9779.66	6.95	16.43	2.01	30.09	31.3	611233	4732.0	10268.0	15000.0
41.2	27.7	-9779.66	6.95	16.43	2.01	30.09	31.31	611234	4733.0	10267.0	15000.0
41.2	27.7	-9783.93	6.82	16.34	3.07	30.53	31.32	611235	4734.0	10266.0	15000.0
41.2	27.7	-9783.93	6.82	16.34	3.07	30.53	31.31	611236	4735.0	10265.0	15000.0
41.2	27.7	-9781.37	6.88	16.35	4.22	30.06	31.31	611237	4736.0	10264.0	15000.0
41.2	27.7	-9781.37	6.88	16.35	4.22	30.06	31.32	611238	4737.0	10263.0	15000.0
41.2	27.5	-9783.93	6.87	16.45	2.8	28.11	31.33	611239	4738.0	10262.0	15000.0
41.2	27.5	-9783.93	6.87	16.45	2.8	28.11	31.32	611240	4739.0	10261.0	15000.0
41.2	27.5	-9782.65	6.88	16.45	3.96	29.03	31.31	611241	4740.0	10260.0	15000.0
41.2	27.5	-9782.65	6.88	16.45	3.96	29.03	31.32	611242	4741.0	10259.0	15000.0
41.2	27.5	-9781.8	6.93	16.38	3.36	30.09	31.33	611243	4742.0	10258.0	15000.0
41.2	27.5	-9781.8	6.93	16.38	3.36	30.09	31.32	611244	4743.0	10257.0	15000.0
41.2	27.5	-9785.64	6.81	16.46	3.81	28.15	31.32	611245	4744.0	10256.0	15000.0
41.2	27.5	-9785.64	6.81	16.46	3.81	28.15	31.32	611246	4745.0	10255.0	15000.0
41.2	27.5	-9778.81	6.89	16.38	3.5	29.43	31.32	611247	4746.0	10254.0	15000.0
41.2	27.5	-9778.81	6.89	16.38	3.5	29.43	31.32	611248	4747.0	10253.0	15000.0
41.2	27.6	-9778.81	6.89	16.38	3.5	29.43	31.32	611249	4748.0	10252.0	15000.0
41.2	27.6	-9778.81	6.89	16.38	3.5	29.43	31.32	611250	4749.0	10251.0	15000.0
41.2	27.6	-9786.5	6.85	16.43	2.11	29.93	31.32	611251	4750.0	10250.0	15000.0
41.2	27.6	-9786.5	6.85	16.43	2.11	29.93	31.31	611252	4751.0	10249.0	15000.0
41.2	27.6	-9778.38	6.88	16.38	2.38	30.24	31.31	611253	4752.0	10248.0	15000.0
41.2	27.6	-9778.38	6.88	16.38	2.38	30.24	31.31	611254	4753.0	10247.0	15000.0
41.2	27.6	-9778.38	6.88	16.38	2.38	30.24	31.31	611255	4754.0	10246.0	15000.0
41.2	27.6	-9778.38	6.88	16.38	2.38	30.24	31.31	611256	4755.0	10245.0	15000.0
41.2	27.6	-9780.94	6.92	16.45	2.42	29.29	31.31	611257	4756.0	10244.0	15000.0
41.2	27.6	-9780.94	6.92	16.45	2.42	29.29	31.31	611258	4757.0	10243.0	15000.0
41.2	27.5	-9783.51	6.93	16.4	2.84	30.19	31.31	611259	4758.0	10242.0	15000.0
41.2	27.5	-9783.51	6.93	16.4	2.84	30.19	31.31	611260	4759.0	10241.0	15000.0
41.21	27.5	-9783.93	6.84	16.36	3.51	30.57	31.31	611261	4760.0	10240.0	15000.0
41.22	27.5	-9783.93	6.84	16.36	3.51	30.57	31.3	611262	4761.0	10239.0	15000.0
41.24	27.5	-9779.66	6.89	16.41	2.91	29.52	31.3	611263	4762.0	10238.0	15000.0
41.25	27.5	-9779.66	6.89	16.41	2.91	29.52	31.3	611264	4763.0	10237.0	15000.0
41.26	27.5	-9780.94	6.82	16.38	3.44	29.91	31.31	611265	4764.0	10236.0	15000.0
41.28	27.5	-9780.94	6.82	16.38	3.44	29.91	31.31	611266	4765.0	10235.0	15000.0
41.29	27.5	-9784.36	6.83	16.41	4.54	29.19	31.32	611267	4766.0	10234.0	15000.0
41.3	27.5	-9784.36	6.83	16.41	4.54	29.19	31.32	611268	4767.0	10233.0	15000.0
41.3	27.5	-9783.08	6.9	16.42	2.9	28.52	31.32	611269	4768.0	10232.0	15000.0
41.3	27.5	-9783.08	6.9	16.42	2.9	28.52	31.32	611270	4769.0	10231.0	15000.0
41.29	27.5	-9780.09	6.92	16.37	3.36	29.29	31.31	611271	4770.0	10230.0	15000.0
41.28	27.5	-9780.09	6.92	16.37	3.36	29.29	31.32	611272	4771.0	10229.0	15000.0
41.27	27.5	-9777.95	6.88	16.45	2.31	28.11	31.32	611273	4772.0	10228.0	15000.0
41.25	27.5	-9777.95	6.88	16.45	2.31	28.11	31.31	611274	4773.0	10227.0	15000.0
41.24	27.5	-9780.94	6.87	16.45	3.42	28.16	31.3	611275	4774.0	10226.0	15000.0
41.23	27.5	-9780.94	6.87	16.45	3.42	28.16	31.3	611276	4775.0	10225.0	15000.0
41.21	27.5	-9785.22	6.9	16.44	2.97	28.66	31.3	611277	4776.0	10224.0	15000.0
41.21	27.5	-9785.22	6.9	16.44	2.97	28.66	31.31	611278	4777.0	10223.0	15000.0
41.2	27.5	-9785.64	6.86	16.4	3.93	29.62	31.31	611279	4778.0	10222.0	15000.0
41.2	27.5	-9785.64	6.86	16.4	3.93	29.62	31.31	611280	4779.0	10221.0	15000.0
41.19	27.5	-9780.09	6.9	16.43	2.59	28.51	31.31	611281	4780.0	10220.0	15000.0
41.19	27.5	-9780.09	6.9	16.43	2.59	28.51	31.31	611282	4781.0	10219.0	15000.0
41.19	27.5	-9780.09	6.9	16.43	2.59	28.51	31.31	611283	4782.0	10218.0	15000.0
41.19	27.5	-9780.09	6.9	16.43	2.59	28.51	31.31	611284	4783.0	10217.0	15000.0
41.19	27.5	-9782.22	6.88	16.4	3.63	29.29	31.31	611285	4784.0	10216.0	15000.0
41.19	27.5	-9782.22	6.88	16.4	3.63	29.29	31.31	611286	4785.0	10215.0	15000.0
41.19	27.5	-9782.22	6.88	16.47	2.58	27.98	31.3	611287	4786.0	10214.0	15000.0
41.2	27.5	-9782.22	6.88	16.47	2.58	27.98	31.3	611288	4787.0	10213.0	15000.0
41.2	27.5	-9783.93	6.87	16.45	3.56	28.38	31.31	611289	4788.0	10212.0	15000.0
41.21	27.5	-9783.93	6.87	16.45	3.56	28.38	31.3	611290	4789.0	10211.0	15000.0
41.22	27.5	-9781.37	6.92	16.4	2.49	28.96	31.3	611291	4790.0	10210.0	15000.0
41.23	27.5	-9781.37	6.92	16.4	2.49	28.96	31.31	611292	4791.0	10209.0	15000.0
41.24	27.5	-9785.22	6.85	16.43	3.28	28.71	31.31	611293	4792.0	10208.0	15000.0
41.26	27.5	-9785.22	6.85	16.43	3.28	28.71	31.31	611294	4793.0	10207.0	15000.0
41.27	27.5	-9779.23	6.85	16.42	2.73	28.68	31.31	611295	4794.0	10206.0	15000.0
41.28	27.5	-9779.23	6.85	16.42	2.73	28.68	31.31	611296	4795.0	10205.0	15000.0
41.29	27.5	-9779.23	6.85	16.42	2.73	28.68	31.31	611297	4796.0	10204.0	15000.0
41.3	27.5	-9779.23	6.85	16.42	2.73	28.68	31.31	611298	4797.0	10203.0	15000.0
41.3	27.5	-9779.23	6.89	16.38	2.36	28.69	31.31	611299	4798.0	10202.0	15000.0
41.3	27.5	-9779.23	6.89	16.38	2.36	28.69	31.31	611300	4799.0	10201.0	15000.0
41.3	27.5	-9780.94	6.87	16.44	3.44	28.21	31.3	611301	4800.0	10200.0	15000.0
41.3	27.5	-9780.94	6.87	16.44	3.44	28.21	31.3	611302	4801.0	10199.0	15000.0
41.3	27.5	-9782.22	6.93	16.46	2.54	28.49	31.31	611303	4802.0	10198.0	15000.0
41.3	27.5	-9782.22	6.93	16.46	2.54	28.49	31.3	611304	4803.0	10197.0	15000.0
41.3	27.5	-9781.8	6.86	16.41	3.38	28.83	31.3	611305	4804.0	10196.0	15000.0
41.3	27.5	-9781.8	6.86	16.41	3.38	28.83	31.3	611306	4805.0	10195.0	15000.0
41.3	27.5	-9781.8	6.89	16.37	3.12	29.89	31.31	611307	4806.0	10194.0	15000.0
41.3	27.5	-9781.8	6.89	16.37	3.12	29.89	31.31	611308	4807.0	10193.0	15000.0
41.3	27.5	-9781.8	6.89	16.37	3.12	29.89	31.31	611309	4808.0	10192.0	15000.0
41.3	27.5	-9781.8	6.89	16.37	3.12	29.89	31.31	611310	4809.0	10191.0	15000.0
41.3	27.5	-9781.37	6.84	16.47	3.47	27.76	31.3	611311	4810.0	10190.0	15000.0
41.3	27.5	-9781.37	6.84	16.47	3.47	27.76	31.3	611312	4811.0	10189.0	15000.0
41.3	27.5	-9781.37	6.86	16.44	2.83	28.55	31.31	611313	4812.0	10188.0	15000.0
41.3	27.5	-9781.37	6.86	16.44	2.83	28.55	31.3	611314	4813.0	10187.0	15000.0
41.3	27.5	-9784.36	6.9	16.42	3.28	29.24	31.29	611315	4814.0	10186.0	15000.0
41.3	27.5	-9784.36	6.9	16.42	3.28	29.24	31.3	611316	4815.0	10185.0	15000.0
41.3	27.5	-9780.52	6.89	16.43	2.51	28.27	31.31	611317	4816.0	10184.0	15000.0
41.3	27.5	-9780.52	6.89	16.43	2.51	28.27	31.3	611318	4817.0	10183.0	15000.0
41.3	27.5	-9778.38	6.87	16.45	2.7	28.77	31.3	611319	4818.0	10182.0	15000.0
41.3	27.5	-9778.38	6.87	16.45	2.7	28.77	31.3	611320	4819.0	10181.0	15000.0
41.3	27.5	-9780.94	6.9	16.41	2.36	28.77	31.3	611321	4820.0	10180.0	15000.0
41.3	27.5	-9780.94	6.9	16.41	2.36	28.77	31.3	611322	4821.0	10179.0	15000.0
41.3	27.5	-9782.22	6.83	16.45	3.63	28.43	31.3	611323	4822.0	10178.0	15000.0
41.3	27.5	-9782.22	6.83	16.45	3.63	28.43	31.3	611324	4823.0	10177.0	15000.0
41.3	27.5	-9777.1	6.88	16.45	3.16	28.11	31.3	611325	4824.0	10176.0	15000.0
41.3	27.5	-9777.1	6.88	16.45	3.16	28.11	31.3	611326	4825.0	10175.0	15000.0
41.3	27.5	-9781.37	6.92	16.41	2.17	28.8	31.29	611327	4826.0	10174.0	15000.0
41.3	27.5	-9781.37	6.92	16.41	2.17	28.8	31.3	611328	4827.0	10173.0	15000.0
41.3	27.7	-9780.09	6.83	16.39	2.69	29.43	31.31	611329	4828.0	10172.0	15000.0
41.3	27.7	-9780.09	6.83	16.39	2.69	29.43	31.31	611330	4829.0	10171.0	15000.0
41.3	27.7	-9777.52	6.86	16.4	2.95	29.5	31.3	611331	4830.0	10170.0	15000.0
41.3	27.7	-9777.52	6.86	16.4	2.95	29.5	31.3	611332	4831.0	10169.0	15000.0
41.3	27.7	-9783.93	6.83	16.37	2.82	30.26	31.31	611333	4832.0	10168.0	15000.0
41.3	27.7	-9783.93	6.83	16.37	2.82	30.26	31.29	611334	4833.0	10167.0	15000.0
41.3	27.7	-9777.95	6.92	16.41	2.12	29.91	31.28	611335	4834.0	10166.0	15000.0
41.3	27.7	-9777.95	6.92	16.41	2.12	29.91	31.29	611336	4835.0	10165.0	15000.0
41.3	27.7	-9780.52	6.89	16.45	3.19	29.93	31.31	611337	4836.0	10164.0	15000.0
41.3	27.7	-9780.52	6.89	16.45	3.19	29.93	31.31	611338	4837.0	10163.0	15000.0
41.3	27.7	-9780.52	6.89	16.45	3.19	29.93	31.31	611339	4838.0	10162.0	15000.0
41.3	27.7	-9780.52	6.89	16.45	3.19	29.93	31.3	611340	4839.0	10161.0	15000.0
41.3	27.7	-9783.51	6.88	16.44	3.33	28.68	31.29	611341	4840.0	10160.0	15000.0
41.3	27.7	-9783.51	6.88	16.44	3.33	28.68	31.3	611342	4841.0	10159.0	15000.0
41.3	27.7	-9778.81	6.91	16.38	2.8	30.12	31.31	611343	4842.0	10158.0	15000.0
41.3	27.7	-9778.81	6.91	16.38	2.8	30.12	31.3	611344	4843.0	10157.0	15000.0
41.3	27.7	-9780.94	6.82	16.45	3.91	28.5	31.3	611345	4844.0	10156.0	15000.0
41.3	27.7	-9780.94	6.82	16.45	3.91	28.5	31.3	611346	4845.0	10155.0	15000.0
41.3	27.7	-9785.22	6.91	16.42	2.73	29.36	31.3	611347	4846.0	10154.0	15000.0
41.3	27.7	-9785.22	6.91	16.42	2.73	29.36	31.3	611348	4847.0	10153.0	15000.0
41.3	27.6	-9780.09	6.86	16.41	2.04	29.92	31.3	611349	4848.0	10152.0	15000.0
41.3	27.6	-9780.09	6.86	16.41	2.04	29.92	31.3	611350	4849.0	10151.0	15000.0
41.3	27.6	-9781.8	6.9	16.41	3.34	30.62	31.3	611351	4850.0	10150.0	15000.0
41.3	27.6	-9781.8	6.9	16.41	3.34	30.62	31.3	611352	4851.0	10149.0	15000.0
41.3	27.6	-9784.36	6.87	16.38	2.7	30.31	31.3	611353	4852.0	10148.0	15000.0
41.3	27.6	-9784.36	6.87	16.38	2.7	30.31	31.3	611354	4853.0	10147.0	15000.0
41.3	27.6	-9782.22	6.88	16.33	2.06	30.62	31.3	611355	4854.0	10146.0	15000.0
41.3	27.6	-9782.22	6.88	16.33	2.06	30.62	31.3	611356	4855.0	10145.0	15000.0
41.3	27.6	-9776.67	6.89	16.42	2.91	29.49	31.3	611357	4856.0	10144.0	15000.0
41.3	27.6	-9776.67	6.89	16.42	2.91	29.49	31.3	611358	4857.0	10143.0	15000.0
41.3	27.7	-9786.5	6.91	16.42	2.11	29.65	31.29	611359	4858.0	10142.0	15000.0
41.3	27.7	-9786.5	6.91	16.42	2.11	29.65	31.3	611360	4859.0	10141.0	15000.0
41.3	27.7	-9773.25	6.89	16.4	3.42	28.98	31.31	611361	4860.0	10140.0	15000.0
41.3	27.7	-9773.25	6.89	16.4	3.42	28.98	31.3	611362	4861.0	10139.0	15000.0
41.3	27.7	-9786.07	6.87	16.42	4.03	29.45	31.29	611363	4862.0	10138.0	15000.0
41.3	27.7	-9786.07	6.87	16.42	4.03	29.45	31.29	611364	4863.0	10137.0	15000.0
41.3	27.7	-9786.07	6.87	16.42	4.03	29.45	31.29	611365	4864.0	10136.0	15000.0
41.3	27.7	-9786.07	6.87	16.42	4.03	29.45	31.3	611366	4865.0	10135.0	15000.0
41.3	27.7	-9779.23	6.88	16.4	2.15	28.87	31.3	611367	4866.0	10134.0	15000.0
41.3	27.7	-9779.23	6.88	16.4	2.15	28.87	31.29	611368	4867.0	10133.0	15000.0
41.3	27.5	-9786.5	6.8	16.43	3.77	29.24	31.29	611369	4868.0	10132.0	15000.0
41.3	27.5	-9786.5	6.8	16.43	3.77	29.24	31.3	611370	4869.0	10131.0	15000.0
41.31	27.5	-9781.8	6.86	16.4	3.43	30.03	31.3	611371	4870.0	10130.0	15000.0
41.32	27.5	-9781.8	6.86	16.4	3.43	30.03	31.3	611372	4871.0	10129.0	15000.0
41.33	27.5	-9785.64	6.85	16.44	2.31	29.43	31.3	611373	4872.0	10128.0	15000.0
41.34	27.5	-9785.64	6.85	16.44	2.31	29.43	31.3	611374	4873.0	10127.0	15000.0
41.36	27.5	-9778.38	6.85	16.46	2.83	28.27	31.3	611375	4874.0	10126.0	15000.0
41.37	27.5	-9778.38	6.85	16.46	2.83	28.27	31.29	611376	4875.0	10125.0	15000.0
41.38	27.5	-9780.52	6.91	16.41	2.12	28.57	31.28	611377	4876.0	10124.0	15000.0
41.39	27.5	-9780.52	6.91	16.41	2.12	28.57	31.29	611378	4877.0	10123.0	15000.0
41.4	27.7	-9783.93	6.86	16.41	2.43	29.46	31.3	611379	4878.0	10122.0	15000.0
41.4	27.7	-9783.93	6.86	16.41	2.43	29.46	31.29	611380	4879.0	10121.0	15000.0
41.41	27.7	-9780.09	6.93	16.4	2.08	30.28	31.28	611381	4880.0	10120.0	15000.0
41.41	27.7	-9780.09	6.93	16.4	2.08	30.28	31.29	611382	4881.0	10119.0	15000.0
41.41	27.7	-9786.5	6.89	16.43	2.59	28.93	31.29	611383	4882.0	10118.0	15000.0
41.41	27.7	-9786.5	6.89	16.43	2.59	28.93	31.29	611384	4883.0	10117.0	15000.0
41.41	27.7	-9781.37	6.85	16.38	3.48	29.8	31.29	611385	4884.0	10116.0	15000.0
41.41	27.7	-9781.37	6.85	16.38	3.48	29.8	31.29	611386	4885.0	10115.0	15000.0
41.41	27.7	-9780.09	6.91	16.45	2.8	28.53	31.29	611387	4886.0	10114.0	15000.0
41.4	27.7	-9780.09	6.91	16.45	2.8	28.53	31.29	611388	4887.0	10113.0	15000.0
41.4	27.7	-9779.66	6.89	16.41	2.42	29.48	31.3	611389	4888.0	10112.0	15000.0
41.39	27.7	-9779.66	6.89	16.41	2.42	29.48	31.29	611390	4889.0	10111.0	15000.0
41.38	27.7	-9778.81	6.85	16.4	3.19	30.43	31.28	611391	4890.0	10110.0	15000.0
41.37	27.7	-9778.81	6.85	16.4	3.19	30.43	31.28	611392	4891.0	10109.0	15000.0
41.36	27.7	-9787.35	6.86	16.34	3.04	30.45	31.29	611393	4892.0	10108.0	15000.0
41.34	27.7	-9787.35	6.86	16.34	3.04	30.45	31.29	611394	4893.0	10107.0	15000.0
41.33	27.7	-9776.24	6.94	16.39	3.42	29.67	31.3	611395	4894.0	10106.0	15000.0
41.32	27.7	-9776.24	6.94	16.39	3.42	29.67	31.3	611396	4895.0	10105.0	15000.0
41.31	27.7	-9783.51	6.91	16.41	2.5	30.18	31.29	611397	4896.0	10104.0	15000.0
41.3	27.7	-9783.51	6.91	16.41	2.5	30.18	31.28	611398	4897.0	10103.0	15000.0
41.3	27.7	-9781.37	6.92	16.41	2.12	29.97	31.28	611399	4898.0	10102.0	15000.0
41.3	27.7	-9781.37	6.92	16.41	2.12	29.97	31.28	611400	4899.0	10101.0	15000.0
41.3	27.7	-9781.37	6.92	16.41	2.12	29.97	31.28	611401	4900.0	10100.0	15000.0
41.3	27.7	-9781.37	6.92	16.41	2.12	29.97	31.29	611402	4901.0	10099.0	15000.0
41.3	27.7	-9784.79	6.88	16.41	2.39	29.05	31.29	611403	4902.0	10098.0	15000.0
41.3	27.7	-9784.79	6.88	16.41	2.39	29.05	31.29	611404	4903.0	10097.0	15000.0
41.3	27.7	-9783.51	6.92	16.34	2.38	30.72	31.29	611405	4904.0	10096.0	15000.0
41.3	27.7	-9783.51	6.92	16.34	2.38	30.72	31.29	611406	4905.0	10095.0	15000.0
41.3	27.7	-9777.52	6.88	16.42	2.72	29.28	31.29	611407	4906.0	10094.0	15000.0
41.3	27.7	-9777.52	6.88	16.42	2.72	29.28	31.28	611408	4907.0	10093.0	15000.0
41.3	27.5	-9784.79	6.83	16.42	3.92	28.66	31.28	611409	4908.0	10092.0	15000.0
41.3	27.5	-9784.79	6.83	16.42	3.92	28.66	31.28	611410	4909.0	10091.0	15000.0
41.3	27.5	-9781.37	6.88	16.43	2.81	29.26	31.29	611411	4910.0	10090.0	15000.0
41.3	27.5	-9781.37	6.88	16.43	2.81	29.26	31.29	611412	4911.0	10089.0	15000.0
41.3	27.5	-9784.79	6.87	16.44	3.14	29.12	31.29	611413	4912.0	10088.0	15000.0
41.3	27.5	-9784.79	6.87	16.44	3.14	29.12	31.29	611414	4913.0	10087.0	15000.0
41.3	27.5	-9776.67	6.88	16.39	2.15	29.37	31.29	611415	4914.0	10086.0	15000.0
41.3	27.5	-9776.67	6.88	16.39	2.15	29.37	31.29	611416	4915.0	10085.0	15000.0
41.3	27.5	-9783.08	6.87	16.44	3.62	29.52	31.29	611417	4916.0	10084.0	15000.0
41.3	27.5	-9783.08	6.87	16.44	3.62	29.52	31.29	611418	4917.0	10083.0	15000.0
41.3	27.5	-9781.37	6.89	16.37	3.49	30.18	31.28	611419	4918.0	10082.0	15000.0
41.3	27.5	-9781.37	6.89	16.37	3.49	30.18	31.28	611420	4919.0	10081.0	15000.0
41.31	27.5	-9781.8	6.87	16.38	2.65	29.48	31.28	611421	4920.0	10080.0	15000.0
41.32	27.5	-9781.8	6.87	16.38	2.65	29.48	31.27	611422	4921.0	10079.0	15000.0
41.34	27.5	-9782.65	6.88	16.37	1.63	29.67	31.27	611423	4922.0	10078.0	15000.0
41.35	27.5	-9782.65	6.88	16.37	1.63	29.67	31.28	611424	4923.0	10077.0	15000.0
41.36	27.5	-9781.37	6.85	16.38	2.14	30.44	31.29	611425	4924.0	10076.0	15000.0
41.38	27.5	-9781.37	6.85	16.38	2.14	30.44	31.29	611426	4925.0	10075.0	15000.0
41.39	27.5	-9779.66	6.9	16.47	2.81	27.31	31.28	611427	4926.0	10074.0	15000.0
41.4	27.5	-9779.66	6.9	16.47	2.81	27.31	31.29	611428	4927.0	10073.0	15000.0
41.4	27.6	-9783.51	6.86	16.4	2.09	29.34	31.29	611429	4928.0	10072.0	15000.0
41.4	27.6	-9783.51	6.86	16.4	2.09	29.34	31.28	611430	4929.0	10071.0	15000.0
41.4	27.6	-9781.37	6.87	16.41	3.07	29.01	31.27	611431	4930.0	10070.0	15000.0
41.4	27.6	-9781.37	6.87	16.41	3.07	29.01	31.27	611432	4931.0	10069.0	15000.0
41.4	27.6	-9777.52	6.85	16.47	3.16	28.09	31.28	611433	4932.0	10068.0	15000.0
41.4	27.6	-9777.52	6.85	16.47	3.16	28.09	31.28	611434	4933.0	10067.0	15000.0
41.4	27.6	-9780.94	6.89	16.42	2.68	29.38	31.29	611435	4934.0	10066.0	15000.0
41.4	27.6	-9780.94	6.89	16.42	2.68	29.38	31.29	611436	4935.0	10065.0	15000.0
41.4	27.6	-9785.64	6.87	16.42	2.95	28.76	31.28	611437	4936.0	10064.0	15000.0
41.4	27.6	-9785.64	6.87	16.42	2.95	28.76	31.28	611438	4937.0	10063.0	15000.0
41.4	27.7	-9785.64	6.87	16.42	2.95	28.76	31.28	611439	4938.0	10062.0	15000.0
41.4	27.7	-9785.64	6.87	16.42	2.95	28.76	31.28	611440	4939.0	10061.0	15000.0
41.4	27.7	-9777.52	6.85	16.37	3.12	30.18	31.28	611441	4940.0	10060.0	15000.0
41.4	27.7	-9777.52	6.85	16.37	3.12	30.18	31.28	611442	4941.0	10059.0	15000.0
41.4	27.7	-9777.52	6.92	16.43	3.38	28.53	31.28	611443	4942.0	10058.0	15000.0
41.4	27.7	-9777.52	6.92	16.43	3.38	28.53	31.28	611444	4943.0	10057.0	15000.0
41.4	27.7	-9783.51	6.84	16.4	3.04	29.67	31.29	611445	4944.0	10056.0	15000.0
41.4	27.7	-9783.51	6.84	16.4	3.04	29.67	31.28	611446	4945.0	10055.0	15000.0
41.4	27.7	-9784.36	6.85	16.41	2.19	29.92	31.28	611447	4946.0	10054.0	15000.0
41.4	27.7	-9784.36	6.85	16.41	2.19	29.92	31.29	611448	4947.0	10053.0	15000.0
41.4	27.5	-9780.94	6.92	16.39	3.51	30.54	31.29	611449	4948.0	10052.0	15000.0
41.4	27.5	-9780.94	6.92	16.39	3.51	30.54	31.29	611450	4949.0	10051.0	15000.0
41.41	27.5	-9785.64	6.83	16.37	2.73	29.82	31.29	611451	4950.0	10050.0	15000.0
41.42	27.5	-9785.64	6.83	16.37	2.73	29.82	31.29	611452	4951.0	10049.0	15000.0
41.44	27.5	-9776.24	6.88	16.44	3.64	30.14	31.29	611453	4952.0	10048.0	15000.0
41.45	27.5	-9776.24	6.88	16.44	3.64	30.14	31.29	611454	4953.0	10047.0	15000.0
41.46	27.5	-9781.8	6.87	16.46	2.97	28.99	31.28	611455	4954.0	10046.0	15000.0
41.48	27.5	-9781.8	6.87	16.46	2.97	28.99	31.28	611456	4955.0	10045.0	15000.0
41.49	27.5	-9784.36	6.86	16.36	3.33	31.13	31.28	611457	4956.0	10044.0	15000.0
41.5	27.5	-9784.36	6.86	16.36	3.33	31.13	31.29	611458	4957.0	10043.0	15000.0
41.5	27.6	-9780.09	6.86	16.35	3.36	30.9	31.29	611459	4958.0	10042.0	15000.0
41.5	27.6	-9780.09	6.86	16.35	3.36	30.9	31.28	611460	4959.0	10041.0	15000.0
41.49	27.6	-9781.8	6.93	16.41	2.79	29.53	31.28	611461	4960.0	10040.0	15000.0
41.48	27.6	-9781.8	6.93	16.41	2.79	29.53	31.28	611462	4961.0	10039.0	15000.0
41.47	27.6	-9779.66	6.84	16.4	4.0	29.82	31.28	611463	4962.0	10038.0	15000.0
41.45	27.6	-9779.66	6.84	16.4	4.0	29.82	31.28	611464	4963.0	10037.0	15000.0
41.44	27.6	-9783.51	6.91	16.41	2.77	30.26	31.28	611465	4964.0	10036.0	15000.0
41.43	27.6	-9783.51	6.91	16.41	2.77	30.26	31.28	611466	4965.0	10035.0	15000.0
41.41	27.6	-9777.52	6.88	16.42	3.56	29.42	31.28	611467	4966.0	10034.0	15000.0
41.41	27.6	-9777.52	6.88	16.42	3.56	29.42	31.27	611468	4967.0	10033.0	15000.0
41.4	27.5	-9784.79	6.87	16.4	3.22	28.98	31.26	611469	4968.0	10032.0	15000.0
41.4	27.5	-9784.79	6.87	16.4	3.22	28.98	31.27	611470	4969.0	10031.0	15000.0
41.39	27.5	-9778.38	6.9	16.43	2.14	28.33	31.28	611471	4970.0	10030.0	15000.0
41.39	27.5	-9778.38	6.9	16.43	2.14	28.33	31.28	611472	4971.0	10029.0	15000.0
41.39	27.5	-9778.38	6.9	16.43	2.14	28.33	31.28	611473	4972.0	10028.0	15000.0
41.39	27.5	-9778.38	6.9	16.43	2.14	28.33	31.27	611474	4973.0	10027.0	15000.0
41.39	27.5	-9781.37	6.93	16.49	2.89	28.05	31.27	611475	4974.0	10026.0	15000.0
41.39	27.5	-9781.37	6.93	16.49	2.89	28.05	31.27	611476	4975.0	10025.0	15000.0
41.39	27.5	-9784.36	6.82	16.38	2.84	29.65	31.27	611477	4976.0	10024.0	15000.0
41.4	27.5	-9784.36	6.82	16.38	2.84	29.65	31.27	611478	4977.0	10023.0	15000.0
41.4	27.5	-9776.67	6.9	16.45	3.06	27.5	31.28	611479	4978.0	10022.0	15000.0
41.41	27.5	-9776.67	6.9	16.45	3.06	27.5	31.28	611480	4979.0	10021.0	15000.0
41.41	27.5	-9779.23	6.91	16.46	2.25	28.59	31.27	611481	4980.0	10020.0	15000.0
41.42	27.5	-9779.23	6.91	16.46	2.25	28.59	31.28	611482	4981.0	10019.0	15000.0
41.44	27.5	-9784.79	6.87	16.44	2.92	28.73	31.28	611483	4982.0	10018.0	15000.0
41.45	27.5	-9784.79	6.87	16.44	2.92	28.73	31.28	611484	4983.0	10017.0	15000.0
41.46	27.5	-9783.93	6.9	16.4	2.64	29.21	31.27	611485	4984.0	10016.0	15000.0
41.48	27.5	-9783.93	6.9	16.4	2.64	29.21	31.27	611486	4985.0	10015.0	15000.0
41.49	27.5	-9780.09	6.82	16.43	4.2	29.62	31.27	611487	4986.0	10014.0	15000.0
41.49	27.5	-9780.09	6.82	16.43	4.2	29.62	31.28	611488	4987.0	10013.0	15000.0
41.5	27.5	-9781.8	6.82	16.43	3.74	29.78	31.29	611489	4988.0	10012.0	15000.0
41.5	27.5	-9781.8	6.82	16.43	3.74	29.78	31.28	611490	4989.0	10011.0	15000.0
41.49	27.5	-9782.65	6.91	16.38	2.76	29.62	31.27	611491	4990.0	10010.0	15000.0
41.48	27.5	-9782.65	6.91	16.38	2.76	29.62	31.27	611492	4991.0	10009.0	15000.0
41.47	27.5	-9780.52	6.88	16.39	3.65	29.92	31.27	611493	4992.0	10008.0	15000.0
41.45	27.5	-9780.52	6.88	16.39	3.65	29.92	31.28	611494	4993.0	10007.0	15000.0
41.43	27.5	-9783.51	6.93	16.44	2.24	27.44	31.28	611495	4994.0	10006.0	15000.0
41.42	27.5	-9783.51	6.93	16.44	2.24	27.44	31.28	611496	4995.0	10005.0	15000.0
41.41	27.5	-9781.37	6.85	16.42	3.23	29.47	31.28	611497	4996.0	10004.0	15000.0
41.4	27.5	-9781.37	6.85	16.42	3.23	29.47	31.27	611498	4997.0	10003.0	15000.0
41.4	27.5	-9782.65	6.94	16.44	2.42	28.32	31.27	611499	4998.0	10002.0	15000.0
41.41	27.5	-9782.65	6.94	16.44	2.42	28.32	31.27	611500	4999.0	10001.0	15000.0
41.41	27.5	-9783.51	6.81	16.43	3.55	29.21	31.27	611501	5000.0	10000.0	15000.0
41.42	27.5	-9783.51	6.81	16.43	3.55	29.21	31.27	611502	5001.0	9999.0	15000.0
41.44	27.5	-9783.51	6.83	16.45	3.15	29.59	31.27	611503	5002.0	9998.0	15000.0
41.45	27.5	-9783.51	6.83	16.45	3.15	29.59	31.27	611504	5003.0	9997.0	15000.0
41.46	27.5	-9778.81	6.85	16.45	2.16	28.26	31.27	611505	5004.0	9996.0	15000.0
41.48	27.5	-9778.81	6.85	16.45	2.16	28.26	31.27	611506	5005.0	9995.0	15000.0
41.49	27.5	-9778.81	6.85	16.45	2.16	28.26	31.27	611507	5006.0	9994.0	15000.0
41.49	27.5	-9778.81	6.85	16.45	2.16	28.26	31.27	611508	5007.0	9993.0	15000.0
41.5	27.5	-9775.82	6.9	16.45	3.18	28.15	31.26	611509	5008.0	9992.0	15000.0
41.5	27.5	-9775.82	6.9	16.45	3.18	28.15	31.27	611510	5009.0	9991.0	15000.0
41.51	27.5	-9780.94	6.86	16.39	2.59	30.01	31.28	611511	5010.0	9990.0	15000.0
41.51	27.5	-9780.94	6.86	16.39	2.59	30.01	31.27	611512	5011.0	9989.0	15000.0
41.51	27.5	-9778.38	6.86	16.44	3.13	27.63	31.26	611513	5012.0	9988.0	15000.0
41.51	27.5	-9778.38	6.86	16.44	3.13	27.63	31.27	611514	5013.0	9987.0	15000.0
41.51	27.5	-9783.08	6.89	16.41	2.26	29.33	31.27	611515	5014.0	9986.0	15000.0
41.51	27.5	-9783.08	6.89	16.41	2.26	29.33	31.27	611516	5015.0	9985.0	15000.0
41.51	27.5	-9779.23	6.88	16.42	2.8	28.93	31.27	611517	5016.0	9984.0	15000.0
41.5	27.5	-9779.23	6.88	16.42	2.8	28.93	31.26	611518	5017.0	9983.0	15000.0
41.5	27.5	-9783.08	6.88	16.46	3.04	28.13	31.26	611519	5018.0	9982.0	15000.0
41.49	27.5	-9783.08	6.88	16.46	3.04	28.13	31.26	611520	5019.0	9981.0	15000.0
41.49	27.5	-9780.09	6.85	16.38	3.06	29.29	31.26	611521	5020.0	9980.0	15000.0
41.47	27.5	-9780.09	6.85	16.38	3.06	29.29	31.26	611522	5021.0	9979.0	15000.0
41.46	27.5	-9774.53	6.89	16.43	2.33	28.63	31.27	611523	5022.0	9978.0	15000.0
41.45	27.5	-9774.53	6.89	16.43	2.33	28.63	31.27	611524	5023.0	9977.0	15000.0
41.43	27.5	-9780.09	6.86	16.45	2.87	28.46	31.26	611525	5024.0	9976.0	15000.0
41.42	27.5	-9780.09	6.86	16.45	2.87	28.46	31.26	611526	5025.0	9975.0	15000.0
41.41	27.5	-9780.52	6.91	16.43	2.61	28.77	31.27	611527	5026.0	9974.0	15000.0
41.4	27.5	-9780.52	6.91	16.43	2.61	28.77	31.26	611528	5027.0	9973.0	15000.0
41.4	27.5	-9784.36	6.78	16.43	3.63	29.56	31.26	611529	5028.0	9972.0	15000.0
41.4	27.5	-9784.36	6.78	16.43	3.63	29.56	31.26	611530	5029.0	9971.0	15000.0
41.41	27.5	-9780.94	6.95	16.44	2.44	28.41	31.27	611531	5030.0	9970.0	15000.0
41.42	27.5	-9780.94	6.95	16.44	2.44	28.41	31.27	611532	5031.0	9969.0	15000.0
41.44	27.5	-9780.09	6.81	16.38	3.72	29.59	31.27	611533	5032.0	9968.0	15000.0
41.45	27.5	-9780.09	6.81	16.38	3.72	29.59	31.28	611534	5033.0	9967.0	15000.0
41.46	27.5	-9776.24	6.89	16.41	1.78	28.9	31.28	611535	5034.0	9966.0	15000.0
41.48	27.5	-9776.24	6.89	16.41	1.78	28.9	31.27	611536	5035.0	9965.0	15000.0
41.49	27.5	-9786.5	6.91	16.42	3.38	28.33	31.26	611537	5036.0	9964.0	15000.0
41.5	27.5	-9786.5	6.91	16.42	3.38	28.33	31.26	611538	5037.0	9963.0	15000.0
41.5	27.5	-9786.5	6.91	16.42	3.38	28.33	31.26	611539	5038.0	9962.0	15000.0
41.5	27.5	-9786.5	6.91	16.42	3.38	28.33	31.27	611540	5039.0	9961.0	15000.0
41.5	27.5	-9785.64	6.85	16.41	2.63	29.73	31.27	611541	5040.0	9960.0	15000.0
41.5	27.5	-9785.64	6.85	16.41	2.63	29.73	31.26	611542	5041.0	9959.0	15000.0
41.5	27.5	-9786.5	6.85	16.43	3.37	29.08	31.25	611543	5042.0	9958.0	15000.0
41.5	27.5	-9786.5	6.85	16.43	3.37	29.08	31.26	611544	5043.0	9957.0	15000.0
41.5	27.5	-9778.38	6.9	16.43	2.48	28.41	31.26	611545	5044.0	9956.0	15000.0
41.5	27.5	-9778.38	6.9	16.43	2.48	28.41	31.26	611546	5045.0	9955.0	15000.0
41.5	27.5	-9784.36	6.86	16.44	2.79	28.54	31.26	611547	5046.0	9954.0	15000.0
41.5	27.5	-9784.36	6.86	16.44	2.79	28.54	31.27	611548	5047.0	9953.0	15000.0
41.5	27.6	-9779.66	6.88	16.41	2.42	28.62	31.27	611549	5048.0	9952.0	15000.0
41.5	27.6	-9779.66	6.88	16.41	2.42	28.62	31.27	611550	5049.0	9951.0	15000.0
41.5	27.6	-9783.51	6.84	16.44	3.64	28.44	31.26	611551	5050.0	9950.0	15000.0
41.5	27.6	-9783.51	6.84	16.44	3.64	28.44	31.25	611552	5051.0	9949.0	15000.0
41.5	27.6	-9786.92	6.92	16.39	2.12	29.11	31.25	611553	5052.0	9948.0	15000.0
41.5	27.6	-9786.92	6.92	16.39	2.12	29.11	31.25	611554	5053.0	9947.0	15000.0
41.5	27.6	-9780.94	6.84	16.45	3.03	28.8	31.26	611555	5054.0	9946.0	15000.0
41.5	27.6	-9780.94	6.84	16.45	3.03	28.8	31.26	611556	5055.0	9945.0	15000.0
41.5	27.6	-9787.35	6.88	16.42	2.67	29.78	31.26	611557	5056.0	9944.0	15000.0
41.5	27.6	-9787.35	6.88	16.42	2.67	29.78	31.25	611558	5057.0	9943.0	15000.0
41.5	27.5	-9786.07	6.86	16.36	3.51	30.79	31.25	611559	5058.0	9942.0	15000.0
41.5	27.5	-9786.07	6.86	16.36	3.51	30.79	31.25	611560	5059.0	9941.0	15000.0
41.5	27.5	-9784.79	6.89	16.41	4.37	29.73	31.26	611561	5060.0	9940.0	15000.0
41.5	27.5	-9784.79	6.89	16.41	4.37	29.73	31.27	611562	5061.0	9939.0	15000.0
41.5	27.5	-9784.79	6.83	16.39	2.87	29.95	31.27	611563	5062.0	9938.0	15000.0
41.5	27.5	-9784.79	6.83	16.39	2.87	29.95	31.27	611564	5063.0	9937.0	15000.0
41.5	27.5	-9780.94	6.87	16.42	4.21	29.29	31.26	611565	5064.0	9936.0	15000.0
41.5	27.5	-9780.94	6.87	16.42	4.21	29.29	31.26	611566	5065.0	9935.0	15000.0
41.5	27.5	-9780.94	6.88	16.45	2.82	28.69	31.26	611567	5066.0	9934.0	15000.0
41.5	27.5	-9780.94	6.88	16.45	2.82	28.69	31.26	611568	5067.0	9933.0	15000.0
41.5	27.5	-9787.35	6.88	16.43	2.7	28.55	31.26	611569	5068.0	9932.0	15000.0
41.5	27.5	-9787.35	6.88	16.43	2.7	28.55	31.26	611570	5069.0	9931.0	15000.0
41.5	27.5	-9781.37	6.82	16.37	3.85	30.76	31.26	611571	5070.0	9930.0	15000.0
41.5	27.5	-9781.37	6.82	16.37	3.85	30.76	31.26	611572	5071.0	9929.0	15000.0
41.5	27.5	-9781.37	6.82	16.37	3.85	30.76	31.26	611573	5072.0	9928.0	15000.0
41.5	27.5	-9781.37	6.82	16.37	3.85	30.76	31.26	611574	5073.0	9927.0	15000.0
41.5	27.5	-9780.09	6.87	16.42	3.19	29.09	31.25	611575	5074.0	9926.0	15000.0
41.5	27.5	-9780.09	6.87	16.42	3.19	29.09	31.26	611576	5075.0	9925.0	15000.0
41.5	27.5	-9777.1	6.94	16.42	2.81	29.18	31.26	611577	5076.0	9924.0	15000.0
41.5	27.5	-9777.1	6.94	16.42	2.81	29.18	31.26	611578	5077.0	9923.0	15000.0
41.5	27.5	-9782.22	6.91	16.44	2.55	30.15	31.25	611579	5078.0	9922.0	15000.0
41.5	27.5	-9782.22	6.91	16.44	2.55	30.15	31.25	611580	5079.0	9921.0	15000.0
41.5	27.5	-9783.08	6.9	16.43	2.49	28.55	31.25	611581	5080.0	9920.0	15000.0
41.5	27.5	-9783.08	6.9	16.43	2.49	28.55	31.26	611582	5081.0	9919.0	15000.0
41.5	27.5	-9784.79	6.89	16.46	2.89	28.55	31.26	611583	5082.0	9918.0	15000.0
41.5	27.5	-9784.79	6.89	16.46	2.89	28.55	31.26	611584	5083.0	9917.0	15000.0
41.5	27.5	-9777.52	6.87	16.45	2.27	28.15	31.26	611585	5084.0	9916.0	15000.0
41.5	27.5	-9777.52	6.87	16.45	2.27	28.15	31.26	611586	5085.0	9915.0	15000.0
41.5	27.5	-9783.51	6.9	16.47	3.06	27.92	31.25	611587	5086.0	9914.0	15000.0
41.5	27.5	-9783.51	6.9	16.47	3.06	27.92	31.25	611588	5087.0	9913.0	15000.0
41.5	27.5	-9778.81	6.86	16.43	3.05	28.7	31.25	611589	5088.0	9912.0	15000.0
41.5	27.5	-9778.81	6.86	16.43	3.05	28.7	31.25	611590	5089.0	9911.0	15000.0
41.5	27.5	-9781.37	6.87	16.43	3.22	29.08	31.26	611591	5090.0	9910.0	15000.0
41.5	27.5	-9781.37	6.87	16.43	3.22	29.08	31.26	611592	5091.0	9909.0	15000.0
41.5	27.5	-9785.22	6.88	16.41	2.8	28.54	31.26	611593	5092.0	9908.0	15000.0
41.5	27.5	-9785.22	6.88	16.41	2.8	28.54	31.25	611594	5093.0	9907.0	15000.0
41.5	27.5	-9782.22	6.89	16.45	2.78	28.8	31.24	611595	5094.0	9906.0	15000.0
41.5	27.5	-9782.22	6.89	16.45	2.78	28.8	31.24	611596	5095.0	9905.0	15000.0
41.5	27.5	-9778.38	6.9	16.4	3.48	30.23	31.25	611597	5096.0	9904.0	15000.0
41.5	27.5	-9778.38	6.9	16.4	3.48	30.23	31.25	611598	5097.0	9903.0	15000.0
41.5	27.5	-9781.37	6.92	16.42	2.45	29.62	31.25	611599	5098.0	9902.0	15000.0
41.5	27.5	-9781.37	6.92	16.42	2.45	29.62	31.25	611600	5099.0	9901.0	15000.0
41.5	27.5	-9781.37	6.92	16.42	2.45	29.62	31.25	611601	5100.0	9900.0	15000.0
41.5	27.5	-9781.37	6.92	16.42	2.45	29.62	31.25	611602	5101.0	9899.0	15000.0
41.5	27.5	-9782.22	6.88	16.34	3.3	31.34	31.25	611603	5102.0	9898.0	15000.0
41.5	27.5	-9782.22	6.88	16.34	3.3	31.34	31.25	611604	5103.0	9897.0	15000.0
41.5	27.5	-9780.52	6.87	16.36	2.99	31.08	31.25	611605	5104.0	9896.0	15000.0
41.5	27.5	-9780.52	6.87	16.36	2.99	31.08	31.25	611606	5105.0	9895.0	15000.0
41.5	27.5	-9781.8	6.93	16.42	2.23	29.38	31.25	611607	5106.0	9894.0	15000.0
41.5	27.5	-9781.8	6.93	16.42	2.23	29.38	31.25	611608	5107.0	9893.0	15000.0
41.5	27.6	-9779.66	6.89	16.39	2.76	30.22	31.25	611609	5108.0	9892.0	15000.0
41.5	27.6	-9779.66	6.89	16.39	2.76	30.22	31.25	611610	5109.0	9891.0	15000.0
41.5	27.6	-9782.65	6.93	16.41	1.91	30.25	31.24	611611	5110.0	9890.0	15000.0
41.5	27.6	-9782.65	6.93	16.41	1.91	30.25	31.25	611612	5111.0	9889.0	15000.0
41.5	27.6	-9778.81	6.92	16.46	2.39	28.77	31.26	611613	5112.0	9888.0	15000.0
41.5	27.6	-9778.81	6.92	16.46	2.39	28.77	31.25	611614	5113.0	9887.0	15000.0
41.5	27.6	-9779.66	6.87	16.45	2.34	28.43	31.24	611615	5114.0	9886.0	15000.0
41.5	27.6	-9779.66	6.87	16.45	2.34	28.43	31.24	611616	5115.0	9885.0	15000.0
41.5	27.6	-9779.66	6.87	16.45	2.34	28.43	31.24	611617	5116.0	9884.0	15000.0
41.5	27.6	-9779.66	6.87	16.45	2.34	28.43	31.25	611618	5117.0	9883.0	15000.0
41.5	27.5	-9779.23	6.91	16.39	3.03	30.27	31.25	611619	5118.0	9882.0	15000.0
41.5	27.5	-9779.23	6.91	16.39	3.03	30.27	31.25	611620	5119.0	9881.0	15000.0
41.5	27.5	-9780.94	6.86	16.47	3.46	28.61	31.24	611621	5120.0	9880.0	15000.0
41.5	27.5	-9780.94	6.86	16.47	3.46	28.61	31.25	611622	5121.0	9879.0	15000.0
41.5	27.5	-9778.38	6.89	16.42	2.8	29.2	31.25	611623	5122.0	9878.0	15000.0
41.5	27.5	-9778.38	6.89	16.42	2.8	29.2	31.25	611624	5123.0	9877.0	15000.0
41.5	27.5	-9783.08	6.85	16.42	2.23	29.79	31.25	611625	5124.0	9876.0	15000.0
41.5	27.5	-9783.08	6.85	16.42	2.23	29.79	31.25	611626	5125.0	9875.0	15000.0
41.5	27.5	-9783.08	6.85	16.42	2.23	29.79	31.25	611627	5126.0	9874.0	15000.0
41.5	27.5	-9783.08	6.85	16.42	2.23	29.79	31.25	611628	5127.0	9873.0	15000.0
41.5	27.5	-9781.37	6.89	16.41	3.58	30.44	31.24	611629	5128.0	9872.0	15000.0
41.5	27.5	-9781.37	6.89	16.41	3.58	30.44	31.24	611630	5129.0	9871.0	15000.0
41.5	27.5	-9783.08	6.83	16.37	2.58	30.18	31.24	611631	5130.0	9870.0	15000.0
41.5	27.5	-9783.08	6.83	16.37	2.58	30.18	31.25	611632	5131.0	9869.0	15000.0
41.5	27.5	-9776.24	6.85	16.42	3.85	29.65	31.25	611633	5132.0	9868.0	15000.0
41.5	27.5	-9776.24	6.85	16.42	3.85	29.65	31.25	611634	5133.0	9867.0	15000.0
41.5	27.5	-9789.49	6.86	16.44	2.28	29.35	31.24	611635	5134.0	9866.0	15000.0
41.5	27.5	-9789.49	6.86	16.44	2.28	29.35	31.24	611636	5135.0	9865.0	15000.0
41.5	27.5	-9780.09	6.87	16.32	1.81	29.78	31.24	611637	5136.0	9864.0	15000.0
41.5	27.5	-9780.09	6.87	16.32	1.81	29.78	31.25	611638	5137.0	9863.0	15000.0
41.5	27.5	-9777.52	6.85	16.36	3.4	30.86	31.25	611639	5138.0	9862.0	15000.0
41.5	27.5	-9777.52	6.85	16.36	3.4	30.86	31.25	611640	5139.0	9861.0	15000.0
41.5	27.5	-9783.08	6.88	16.44	2.62	29.21	31.24	611641	5140.0	9860.0	15000.0
41.5	27.5	-9783.08	6.88	16.44	2.62	29.21	31.24	611642	5141.0	9859.0	15000.0
41.5	27.5	-9781.37	6.83	16.41	3.45	29.81	31.24	611643	5142.0	9858.0	15000.0
41.5	27.5	-9781.37	6.83	16.41	3.45	29.81	31.25	611644	5143.0	9857.0	15000.0
41.5	27.5	-9784.79	6.84	16.47	4.27	29.24	31.25	611645	5144.0	9856.0	15000.0
41.5	27.5	-9784.79	6.84	16.47	4.27	29.24	31.25	611646	5145.0	9855.0	15000.0
41.5	27.5	-9780.94	6.86	16.44	2.94	28.44	31.25	611647	5146.0	9854.0	15000.0
41.5	27.5	-9780.94	6.86	16.44	2.94	28.44	31.25	611648	5147.0	9853.0	15000.0
41.5	27.5	-9783.51	6.87	16.39	2.74	30.11	31.25	611649	5148.0	9852.0	15000.0
41.5	27.5	-9783.51	6.87	16.39	2.74	30.11	31.25	611650	5149.0	9851.0	15000.0
41.5	27.5	-9783.51	6.87	16.39	2.74	30.11	31.25	611651	5150.0	9850.0	15000.0
41.5	27.5	-9783.51	6.87	16.39	2.74	30.11	31.25	611652	5151.0	9849.0	15000.0
41.5	27.5	-9779.23	6.85	16.43	3.52	29.05	31.24	611653	5152.0	9848.0	15000.0
41.5	27.5	-9779.23	6.85	16.43	3.52	29.05	31.24	611654	5153.0	9847.0	15000.0
41.5	27.5	-9783.08	6.82	16.39	4.19	29.86	31.24	611655	5154.0	9846.0	15000.0
41.5	27.5	-9783.08	6.82	16.39	4.19	29.86	31.24	611656	5155.0	9845.0	15000.0
41.5	27.5	-9788.21	6.87	16.4	3.15	30.4	31.25	611657	5156.0	9844.0	15000.0
41.5	27.5	-9788.21	6.87	16.4	3.15	30.4	31.25	611658	5157.0	9843.0	15000.0
41.5	27.7	-9780.52	6.84	16.41	3.44	29.31	31.24	611659	5158.0	9842.0	15000.0
41.5	27.7	-9780.52	6.84	16.41	3.44	29.31	31.24	611660	5159.0	9841.0	15000.0
41.5	27.7	-9779.23	6.84	16.39	4.04	30.42	31.25	611661	5160.0	9840.0	15000.0
41.5	27.7	-9779.23	6.84	16.39	4.04	30.42	31.24	611662	5161.0	9839.0	15000.0
41.5	27.7	-9780.09	6.9	16.4	2.94	28.12	31.23	611663	5162.0	9838.0	15000.0
41.5	27.7	-9780.09	6.9	16.4	2.94	28.12	31.24	611664	5163.0	9837.0	15000.0
41.5	27.7	-9782.65	6.86	16.43	3.55	29.1	31.25	611665	5164.0	9836.0	15000.0
41.5	27.7	-9782.65	6.86	16.43	3.55	29.1	31.24	611666	5165.0	9835.0	15000.0
41.5	27.7	-9782.65	6.88	16.45	3.6	27.71	31.24	611667	5166.0	9834.0	15000.0
41.5	27.7	-9782.65	6.88	16.45	3.6	27.71	31.24	611668	5167.0	9833.0	15000.0
41.5	27.6	-9782.65	6.88	16.37	3.01	29.7	31.24	611669	5168.0	9832.0	15000.0
41.5	27.6	-9782.65	6.88	16.37	3.01	29.7	31.24	611670	5169.0	9831.0	15000.0
41.5	27.6	-9783.93	6.86	16.46	3.19	27.3	31.24	611671	5170.0	9830.0	15000.0
41.5	27.6	-9783.93	6.86	16.46	3.19	27.3	31.24	611672	5171.0	9829.0	15000.0
41.5	27.6	-9777.95	6.89	16.43	2.97	28.87	31.24	611673	5172.0	9828.0	15000.0
41.5	27.6	-9777.95	6.89	16.43	2.97	28.87	31.24	611674	5173.0	9827.0	15000.0
41.5	27.6	-9777.95	6.89	16.43	2.97	28.87	31.24	611675	5174.0	9826.0	15000.0
41.5	27.6	-9777.95	6.89	16.43	2.97	28.87	31.24	611676	5175.0	9825.0	15000.0
41.5	27.6	-9782.65	6.91	16.44	4.52	29.52	31.24	611677	5176.0	9824.0	15000.0
41.5	27.6	-9782.65	6.91	16.44	4.52	29.52	31.24	611678	5177.0	9823.0	15000.0
41.5	27.5	-9782.65	6.92	16.45	2.94	28.67	31.25	611679	5178.0	9822.0	15000.0
41.5	27.5	-9782.65	6.92	16.45	2.94	28.67	31.24	611680	5179.0	9821.0	15000.0
41.5	27.5	-9779.23	6.84	16.4	2.97	29.07	31.23	611681	5180.0	9820.0	15000.0
41.5	27.5	-9779.23	6.84	16.4	2.97	29.07	31.23	611682	5181.0	9819.0	15000.0
41.5	27.5	-9780.52	6.88	16.46	3.17	28.18	31.23	611683	5182.0	9818.0	15000.0
41.5	27.5	-9780.52	6.88	16.46	3.17	28.18	31.24	611684	5183.0	9817.0	15000.0
41.5	27.5	-9778.81	6.88	16.41	1.77	28.48	31.24	611685	5184.0	9816.0	15000.0
41.5	27.5	-9778.81	6.88	16.41	1.77	28.48	31.24	611686	5185.0	9815.0	15000.0
41.5	27.5	-9777.52	6.87	16.48	2.69	27.95	31.24	611687	5186.0	9814.0	15000.0
41.5	27.5	-9777.52	6.87	16.48	2.69	27.95	31.24	611688	5187.0	9813.0	15000.0
41.5	27.5	-9783.51	6.93	16.44	2.04	28.41	31.23	611689	5188.0	9812.0	15000.0
41.5	27.5	-9783.51	6.93	16.44	2.04	28.41	31.23	611690	5189.0	9811.0	15000.0
41.5	27.5	-9777.52	6.85	16.45	2.7	28.69	31.24	611691	5190.0	9810.0	15000.0
41.5	27.5	-9777.52	6.85	16.45	2.7	28.69	31.23	611692	5191.0	9809.0	15000.0
41.5	27.5	-9780.94	6.89	16.42	2.05	29.63	31.23	611693	5192.0	9808.0	15000.0
41.5	27.5	-9780.94	6.89	16.42	2.05	29.63	31.24	611694	5193.0	9807.0	15000.0
41.5	27.5	-9783.08	6.86	16.42	3.0	29.51	31.24	611695	5194.0	9806.0	15000.0
41.5	27.5	-9783.08	6.86	16.42	3.0	29.51	31.24	611696	5195.0	9805.0	15000.0
41.5	27.5	-9783.93	6.93	16.35	2.33	30.97	31.24	611697	5196.0	9804.0	15000.0
41.5	27.5	-9783.93	6.93	16.35	2.33	30.97	31.24	611698	5197.0	9803.0	15000.0
41.5	27.5	-9778.38	6.88	16.42	1.87	28.84	31.24	611699	5198.0	9802.0	15000.0
41.5	27.5	-9778.38	6.88	16.42	1.87	28.84	31.24	611700	5199.0	9801.0	15000.0
41.5	27.5	-9778.38	6.88	16.42	1.87	28.84	31.24	611701	5200.0	9800.0	15000.0
41.5	27.5	-9778.38	6.88	16.42	1.87	28.84	31.24	611702	5201.0	9799.0	15000.0
41.5	27.5	-9780.94	6.89	16.47	2.91	27.9	31.23	611703	5202.0	9798.0	15000.0
41.5	27.5	-9780.94	6.89	16.47	2.91	27.9	31.24	611704	5203.0	9797.0	15000.0
41.5	27.5	-9781.8	6.84	16.37	2.58	30.53	31.24	611705	5204.0	9796.0	15000.0
41.5	27.5	-9781.8	6.84	16.37	2.58	30.53	31.23	611706	5205.0	9795.0	15000.0
41.5	27.5	-9783.51	6.87	16.43	3.58	29.53	31.23	611707	5206.0	9794.0	15000.0
41.5	27.5	-9783.51	6.87	16.43	3.58	29.53	31.23	611708	5207.0	9793.0	15000.0
41.5	27.5	-9777.1	6.89	16.4	1.92	29.08	31.23	611709	5208.0	9792.0	15000.0
41.5	27.5	-9777.1	6.89	16.4	1.92	29.08	31.23	611710	5209.0	9791.0	15000.0
41.5	27.5	-9784.36	6.82	16.47	4.0	29.35	31.23	611711	5210.0	9790.0	15000.0
41.5	27.5	-9784.36	6.82	16.47	4.0	29.35	31.23	611712	5211.0	9789.0	15000.0
41.5	27.5	-9777.1	6.84	16.39	3.45	29.96	31.23	611713	5212.0	9788.0	15000.0
41.5	27.5	-9777.1	6.84	16.39	3.45	29.96	31.23	611714	5213.0	9787.0	15000.0
41.5	27.5	-9787.35	6.87	16.43	2.45	29.54	31.23	611715	5214.0	9786.0	15000.0
41.5	27.5	-9787.35	6.87	16.43	2.45	29.54	31.23	611716	5215.0	9785.0	15000.0
41.5	27.5	-9782.65	6.83	16.34	3.46	30.97	31.23	611717	5216.0	9784.0	15000.0
41.5	27.5	-9782.65	6.83	16.34	3.46	30.97	31.23	611718	5217.0	9783.0	15000.0
41.5	27.5	-9781.37	6.92	16.43	1.98	29.24	31.22	611719	5218.0	9782.0	15000.0
41.5	27.5	-9781.37	6.92	16.43	1.98	29.24	31.22	611720	5219.0	9781.0	15000.0
41.5	27.5	-9781.37	6.92	16.43	1.98	29.24	31.22	611721	5220.0	9780.0	15000.0
41.5	27.5	-9781.37	6.92	16.43	1.98	29.24	31.22	611722	5221.0	9779.0	15000.0
41.5	27.5	-9783.51	6.93	16.42	3.05	28.56	31.22	611723	5222.0	9778.0	15000.0
41.5	27.5	-9783.51	6.93	16.42	3.05	28.56	31.23	611724	5223.0	9777.0	15000.0
41.5	27.5	-9786.07	6.85	16.35	2.75	29.82	31.24	611725	5224.0	9776.0	15000.0
41.5	27.5	-9786.07	6.85	16.35	2.75	29.82	31.24	611726	5225.0	9775.0	15000.0
41.5	27.5	-9776.24	6.91	16.38	2.71	29.55	31.23	611727	5226.0	9774.0	15000.0
41.5	27.5	-9776.24	6.91	16.38	2.71	29.55	31.24	611728	5227.0	9773.0	15000.0
41.5	27.5	-9782.22	6.87	16.41	3.29	30.05	31.24	611729	5228.0	9772.0	15000.0
41.5	27.5	-9782.22	6.87	16.41	3.29	30.05	31.24	611730	5229.0	9771.0	15000.0
41.5	27.5	-9782.65	6.89	16.36	2.0	30.53	31.23	611731	5230.0	9770.0	15000.0
41.5	27.5	-9782.65	6.89	16.36	2.0	30.53	31.23	611732	5231.0	9769.0	15000.0
41.5	27.5	-9782.65	6.89	16.36	2.0	30.53	31.23	611733	5232.0	9768.0	15000.0
41.5	27.5	-9782.65	6.89	16.36	2.0	30.53	31.24	611734	5233.0	9767.0	15000.0
41.5	27.5	-9784.36	6.84	16.38	3.25	29.68	31.24	611735	5234.0	9766.0	15000.0
41.5	27.5	-9784.36	6.84	16.38	3.25	29.68	31.24	611736	5235.0	9765.0	15000.0
41.5	27.5	-9783.51	6.81	16.51	3.64	28.35	31.24	611737	5236.0	9764.0	15000.0
41.5	27.5	-9783.51	6.81	16.51	3.64	28.35	31.24	611738	5237.0	9763.0	15000.0
41.5	27.5	-9778.81	6.87	16.41	3.13	28.85	31.24	611739	5238.0	9762.0	15000.0
41.5	27.5	-9778.81	6.87	16.41	3.13	28.85	31.24	611740	5239.0	9761.0	15000.0
41.5	27.5	-9784.36	6.86	16.4	4.29	29.42	31.23	611741	5240.0	9760.0	15000.0
41.5	27.5	-9784.36	6.86	16.4	4.29	29.42	31.23	611742	5241.0	9759.0	15000.0
41.5	27.5	-9779.66	6.88	16.39	2.51	29.11	31.24	611743	5242.0	9758.0	15000.0
41.5	27.5	-9779.66	6.88	16.39	2.51	29.11	31.23	611744	5243.0	9757.0	15000.0
41.5	27.5	-9778.38	6.9	16.4	2.99	29.56	31.22	611745	5244.0	9756.0	15000.0
41.5	27.5	-9778.38	6.9	16.4	2.99	29.56	31.23	611746	5245.0	9755.0	15000.0
41.5	27.5	-9782.22	6.84	16.42	4.05	29.54	31.23	611747	5246.0	9754.0	15000.0
41.5	27.5	-9782.22	6.84	16.42	4.05	29.54	31.23	611748	5247.0	9753.0	15000.0
41.5	27.5	-9777.95	6.85	16.46	3.16	29.06	31.23	611749	5248.0	9752.0	15000.0
41.5	27.5	-9777.95	6.85	16.46	3.16	29.06	31.23	611750	5249.0	9751.0	15000.0
41.5	27.5	-9779.23	6.9	16.41	3.43	29.84	31.23	611751	5250.0	9750.0	15000.0
41.5	27.5	-9779.23	6.9	16.41	3.43	29.84	31.23	611752	5251.0	9749.0	15000.0
41.5	27.5	-9779.23	6.9	16.41	3.43	29.84	31.23	611753	5252.0	9748.0	15000.0
41.5	27.5	-9779.23	6.9	16.41	3.43	29.84	31.23	611754	5253.0	9747.0	15000.0
41.5	27.5	-9783.08	6.91	16.45	2.33	27.51	31.23	611755	5254.0	9746.0	15000.0
41.5	27.5	-9783.08	6.91	16.45	2.33	27.51	31.23	611756	5255.0	9745.0	15000.0
41.5	27.5	-9782.65	6.86	16.39	3.29	30.29	31.23	611757	5256.0	9744.0	15000.0
41.5	27.5	-9782.65	6.86	16.39	3.29	30.29	31.23	611758	5257.0	9743.0	15000.0
41.5	27.5	-9782.65	6.9	16.44	2.42	28.25	31.23	611759	5258.0	9742.0	15000.0
41.5	27.5	-9782.65	6.9	16.44	2.42	28.25	31.23	611760	5259.0	9741.0	15000.0
41.5	27.5	-9778.38	6.89	16.45	2.6	28.82	31.23	611761	5260.0	9740.0	15000.0
41.5	27.5	-9778.38	6.89	16.45	2.6	28.82	31.23	611762	5261.0	9739.0	15000.0
41.5	27.5	-9780.09	6.9	16.38	3.28	29.18	31.23	611763	5262.0	9738.0	15000.0
41.5	27.5	-9780.09	6.9	16.38	3.28	29.18	31.23	611764	5263.0	9737.0	15000.0
41.5	27.5	-9779.66	6.87	16.45	1.62	28.7	31.24	611765	5264.0	9736.0	15000.0
41.5	27.5	-9779.66	6.87	16.45	1.62	28.7	31.24	611766	5265.0	9735.0	15000.0
41.5	27.5	-9782.22	6.86	16.48	2.97	27.79	31.23	611767	5266.0	9734.0	15000.0
41.5	27.5	-9782.22	6.86	16.48	2.97	27.79	31.23	611768	5267.0	9733.0	15000.0
41.5	27.5	-9776.24	6.92	16.34	2.06	30.38	31.24	611769	5268.0	9732.0	15000.0
41.5	27.5	-9776.24	6.92	16.34	2.06	30.38	31.23	611770	5269.0	9731.0	15000.0
41.5	27.5	-9782.22	6.9	16.46	3.06	27.46	31.22	611771	5270.0	9730.0	15000.0
41.5	27.5	-9782.22	6.9	16.46	3.06	27.46	31.23	611772	5271.0	9729.0	15000.0
41.5	27.5	-9776.67	6.86	16.44	2.08	29.26	31.23	611773	5272.0	9728.0	15000.0
41.5	27.5	-9776.67	6.86	16.44	2.08	29.26	31.22	611774	5273.0	9727.0	15000.0
41.5	27.5	-9781.8	6.84	16.41	4.19	29.54	31.22	611775	5274.0	9726.0	15000.0
41.5	27.5	-9781.8	6.84	16.41	4.19	29.54	31.23	611776	5275.0	9725.0	15000.0
41.5	27.5	-9781.8	6.94	16.45	2.81	28.99	31.23	611777	5276.0	9724.0	15000.0
41.5	27.5	-9781.8	6.94	16.45	2.81	28.99	31.22	611778	5277.0	9723.0	15000.0
41.5	27.5	-9786.92	6.84	16.41	2.65	29.46	31.22	611779	5278.0	9722.0	15000.0
41.5	27.5	-9786.92	6.84	16.41	2.65	29.46	31.22	611780	5279.0	9721.0	15000.0
41.5	27.5	-9777.52	6.89	16.37	2.12	29.75	31.22	611781	5280.0	9720.0	15000.0
41.5	27.5	-9777.52	6.89	16.37	2.12	29.75	31.23	611782	5281.0	9719.0	15000.0
41.5	27.5	-9777.95	6.87	16.43	2.66	29.54	31.23	611783	5282.0	9718.0	15000.0
41.5	27.5	-9777.95	6.87	16.43	2.66	29.54	31.23	611784	5283.0	9717.0	15000.0
41.5	27.5	-9776.24	6.89	16.39	3.87	30.2	31.23	611785	5284.0	9716.0	15000.0
41.5	27.5	-9776.24	6.89	16.39	3.87	30.2	31.23	611786	5285.0	9715.0	15000.0
41.5	27.5	-9787.78	6.84	16.43	3.05	29.94	31.23	611787	5286.0	9714.0	15000.0
41.5	27.5	-9787.78	6.84	16.43	3.05	29.94	31.23	611788	5287.0	9713.0	15000.0
41.5	27.5	-9779.23	6.87	16.41	3.22	29.64	31.23	611789	5288.0	9712.0	15000.0
41.5	27.5	-9779.23	6.87	16.41	3.22	29.64	31.23	611790	5289.0	9711.0	15000.0
41.5	27.5	-9778.81	6.81	16.37	3.66	30.1	31.23	611791	5290.0	9710.0	15000.0
41.5	27.5	-9778.81	6.81	16.37	3.66	30.1	31.23	611792	5291.0	9709.0	15000.0
41.5	27.5	-9777.52	6.9	16.44	2.81	27.92	31.22	611793	5292.0	9708.0	15000.0
41.5	27.5	-9777.52	6.9	16.44	2.81	27.92	31.22	611794	5293.0	9707.0	15000.0
41.5	27.5	-9777.52	6.9	16.44	2.81	27.92	31.22	611795	5294.0	9706.0	15000.0
41.5	27.5	-9777.52	6.9	16.44	2.81	27.92	31.22	611796	5295.0	9705.0	15000.0
41.5	27.5	-9780.52	6.86	16.47	3.83	28.25	31.23	611797	5296.0	9704.0	15000.0
41.5	27.5	-9780.52	6.86	16.47	3.83	28.25	31.23	611798	5297.0	9703.0	15000.0
41.5	27.5	-9786.5	6.87	16.4	2.42	29.06	31.22	611799	5298.0	9702.0	15000.0
41.5	27.5	-9786.5	6.87	16.4	2.42	29.06	31.23	611800	5299.0	9701.0	15000.0
41.5	27.5	-9785.64	6.87	16.42	2.89	29.64	31.23	611801	5300.0	9700.0	15000.0
41.5	27.5	-9785.64	6.87	16.42	2.89	29.64	31.22	611802	5301.0	9699.0	15000.0
41.5	27.5	-9778.38	6.89	16.47	3.14	27.54	31.22	611803	5302.0	9698.0	15000.0
41.5	27.5	-9778.38	6.89	16.47	3.14	27.54	31.22	611804	5303.0	9697.0	15000.0
41.5	27.5	-9786.5	6.87	16.45	3.0	28.46	31.22	611805	5304.0	9696.0	15000.0
41.5	27.5	-9786.5	6.87	16.45	3.0	28.46	31.22	611806	5305.0	9695.0	15000.0
41.5	27.5	-9783.08	6.93	16.44	2.93	28.82	31.22	611807	5306.0	9694.0	15000.0
41.5	27.5	-9783.08	6.93	16.44	2.93	28.82	31.22	611808	5307.0	9693.0	15000.0
41.5	27.5	-9783.51	6.91	16.42	2.67	29.29	31.22	611809	5308.0	9692.0	15000.0
41.5	27.5	-9783.51	6.91	16.42	2.67	29.29	31.22	611810	5309.0	9691.0	15000.0
41.5	27.5	-9780.09	6.9	16.45	2.49	28.39	31.23	611811	5310.0	9690.0	15000.0
41.5	27.5	-9780.09	6.9	16.45	2.49	28.39	31.23	611812	5311.0	9689.0	15000.0
41.5	27.5	-9782.65	6.87	16.45	2.64	28.42	31.22	611813	5312.0	9688.0	15000.0
41.5	27.5	-9782.65	6.87	16.45	2.64	28.42	31.23	611814	5313.0	9687.0	15000.0
41.5	27.5	-9783.08	6.86	16.36	2.87	30.1	31.23	611815	5314.0	9686.0	15000.0
41.5	27.5	-9783.08	6.86	16.36	2.87	30.1	31.22	611816	5315.0	9685.0	15000.0
41.5	27.5	-9781.8	6.86	16.36	3.66	29.77	31.22	611817	5316.0	9684.0	15000.0
41.5	27.5	-9781.8	6.86	16.36	3.66	29.77	31.21	611818	5317.0	9683.0	15000.0
41.5	27.5	-9779.23	6.9	16.42	2.4	27.98	31.21	611819	5318.0	9682.0	15000.0
41.5	27.5	-9779.23	6.9	16.42	2.4	27.98	31.21	611820	5319.0	9681.0	15000.0
41.51	27.5	-9779.23	6.84	16.4	3.27	29.01	31.22	611821	5320.0	9680.0	15000.0
41.52	27.5	-9779.23	6.84	16.4	3.27	29.01	31.21	611822	5321.0	9679.0	15000.0
41.54	27.5	-9781.37	6.91	16.42	1.95	29.07	31.21	611823	5322.0	9678.0	15000.0
41.55	27.5	-9781.37	6.91	16.42	1.95	29.07	31.21	611824	5323.0	9677.0	15000.0
41.56	27.5	-9781.37	6.91	16.42	1.95	29.07	31.21	611825	5324.0	9676.0	15000.0
41.58	27.5	-9781.37	6.91	16.42	1.95	29.07	31.22	611826	5325.0	9675.0	15000.0
41.59	27.5	-9782.22	6.87	16.39	2.03	29.23	31.22	611827	5326.0	9674.0	15000.0
41.6	27.5	-9782.22	6.87	16.39	2.03	29.23	31.22	611828	5327.0	9673.0	15000.0
41.6	27.5	-9778.38	6.9	16.37	3.13	28.92	31.22	611829	5328.0	9672.0	15000.0
41.6	27.5	-9778.38	6.9	16.37	3.13	28.92	31.22	611830	5329.0	9671.0	15000.0
41.59	27.5	-9780.52	6.86	16.39	3.08	30.13	31.22	611831	5330.0	9670.0	15000.0
41.58	27.5	-9780.52	6.86	16.39	3.08	30.13	31.22	611832	5331.0	9669.0	15000.0
41.56	27.5	-9776.67	6.9	16.47	3.7	28.75	31.22	611833	5332.0	9668.0	15000.0
41.55	27.5	-9776.67	6.9	16.47	3.7	28.75	31.21	611834	5333.0	9667.0	15000.0
41.54	27.5	-9780.52	6.88	16.42	2.55	29.0	31.21	611835	5334.0	9666.0	15000.0
41.52	27.5	-9780.52	6.88	16.42	2.55	29.0	31.21	611836	5335.0	9665.0	15000.0
41.51	27.5	-9779.23	6.88	16.41	3.11	29.97	31.22	611837	5336.0	9664.0	15000.0
41.5	27.5	-9779.23	6.88	16.41	3.11	29.97	31.22	611838	5337.0	9663.0	15000.0
41.5	27.6	-9781.8	6.89	16.43	4.27	29.97	31.22	611839	5338.0	9662.0	15000.0
41.5	27.6	-9781.8	6.89	16.43	4.27	29.97	31.21	611840	5339.0	9661.0	15000.0
41.5	27.6	-9782.22	6.84	16.41	2.79	29.08	31.21	611841	5340.0	9660.0	15000.0
41.5	27.6	-9782.22	6.84	16.41	2.79	29.08	31.21	611842	5341.0	9659.0	15000.0
41.5	27.6	-9784.36	6.91	16.39	2.48	28.97	31.21	611843	5342.0	9658.0	15000.0
41.5	27.6	-9784.36	6.91	16.39	2.48	28.97	31.22	611844	5343.0	9657.0	15000.0
41.5	27.6	-9776.24	6.88	16.45	2.8	28.97	31.22	611845	5344.0	9656.0	15000.0
41.5	27.6	-9776.24	6.88	16.45	2.8	28.97	31.22	611846	5345.0	9655.0	15000.0
41.5	27.6	-9783.51	6.84	16.39	3.91	30.76	31.22	611847	5346.0	9654.0	15000.0
41.5	27.6	-9783.51	6.84	16.39	3.91	30.76	31.22	611848	5347.0	9653.0	15000.0
41.5	27.5	-9783.51	6.84	16.39	3.91	30.76	31.22	611849	5348.0	9652.0	15000.0
41.5	27.5	-9783.51	6.84	16.39	3.91	30.76	31.22	611850	5349.0	9651.0	15000.0
41.5	27.5	-9778.81	6.9	16.43	2.84	29.51	31.21	611851	5350.0	9650.0	15000.0
41.5	27.5	-9778.81	6.9	16.43	2.84	29.51	31.21	611852	5351.0	9649.0	15000.0
41.5	27.5	-9782.22	6.84	16.42	3.13	29.35	31.22	611853	5352.0	9648.0	15000.0
41.5	27.5	-9782.22	6.84	16.42	3.13	29.35	31.22	611854	5353.0	9647.0	15000.0
41.5	27.5	-9780.52	6.94	16.43	2.63	28.65	31.21	611855	5354.0	9646.0	15000.0
41.5	27.5	-9780.52	6.94	16.43	2.63	28.65	31.22	611856	5355.0	9645.0	15000.0
41.5	27.5	-9780.94	6.88	16.45	2.12	28.33	31.23	611857	5356.0	9644.0	15000.0
41.5	27.5	-9780.94	6.88	16.45	2.12	28.33	31.22	611858	5357.0	9643.0	15000.0
41.5	27.5	-9784.79	6.88	16.39	3.24	28.96	31.21	611859	5358.0	9642.0	15000.0
41.5	27.5	-9784.79	6.88	16.39	3.24	28.96	31.22	611860	5359.0	9641.0	15000.0
41.51	27.5	-9779.23	6.88	16.44	2.44	28.02	31.23	611861	5360.0	9640.0	15000.0
41.52	27.5	-9779.23	6.88	16.44	2.44	28.02	31.22	611862	5361.0	9639.0	15000.0
41.54	27.5	-9779.23	6.92	16.43	3.38	28.32	31.22	611863	5362.0	9638.0	15000.0
41.55	27.5	-9779.23	6.92	16.43	3.38	28.32	31.22	611864	5363.0	9637.0	15000.0
41.56	27.5	-9785.22	6.88	16.39	2.84	29.52	31.22	611865	5364.0	9636.0	15000.0
41.58	27.5	-9785.22	6.88	16.39	2.84	29.52	31.22	611866	5365.0	9635.0	15000.0
41.59	27.5	-9779.66	6.88	16.43	3.3	27.75	31.21	611867	5366.0	9634.0	15000.0
41.6	27.5	-9779.66	6.88	16.43	3.3	27.75	31.21	611868	5367.0	9633.0	15000.0
41.6	27.5	-9776.24	6.83	16.4	2.37	29.14	31.22	611869	5368.0	9632.0	15000.0
41.6	27.5	-9776.24	6.83	16.4	2.37	29.14	31.21	611870	5369.0	9631.0	15000.0
41.6	27.5	-9784.36	6.85	16.46	2.39	28.84	31.2	611871	5370.0	9630.0	15000.0
41.6	27.5	-9784.36	6.85	16.46	2.39	28.84	31.21	611872	5371.0	9629.0	15000.0
41.6	27.5	-9780.94	6.92	16.45	2.93	28.64	31.22	611873	5372.0	9628.0	15000.0
41.6	27.5	-9780.94	6.92	16.45	2.93	28.64	31.21	611874	5373.0	9627.0	15000.0
41.6	27.5	-9785.64	6.83	16.4	3.39	29.06	31.2	611875	5374.0	9626.0	15000.0
41.6	27.5	-9785.64	6.83	16.4	3.39	29.06	31.2	611876	5375.0	9625.0	15000.0
41.6	27.5	-9780.94	6.9	16.36	2.69	29.57	31.21	611877	5376.0	9624.0	15000.0
41.6	27.5	-9780.94	6.9	16.36	2.69	29.57	31.21	611878	5377.0	9623.0	15000.0
41.6	27.5	-9782.65	6.82	16.43	3.58	28.44	31.22	611879	5378.0	9622.0	15000.0
41.6	27.5	-9782.65	6.82	16.43	3.58	28.44	31.22	611880	5379.0	9621.0	15000.0
41.6	27.5	-9782.65	6.82	16.43	3.58	28.44	31.22	611881	5380.0	9620.0	15000.0
41.6	27.5	-9782.65	6.82	16.43	3.58	28.44	31.22	611882	5381.0	9619.0	15000.0
41.6	27.5	-9778.81	6.88	16.43	1.78	28.48	31.21	611883	5382.0	9618.0	15000.0
41.6	27.5	-9778.81	6.88	16.43	1.78	28.48	31.21	611884	5383.0	9617.0	15000.0
41.6	27.5	-9782.22	6.83	16.44	2.4	28.55	31.22	611885	5384.0	9616.0	15000.0
41.6	27.5	-9782.22	6.83	16.44	2.4	28.55	31.21	611886	5385.0	9615.0	15000.0
41.6	27.5	-9780.09	6.95	16.42	2.94	28.67	31.2	611887	5386.0	9614.0	15000.0
41.6	27.5	-9780.09	6.95	16.42	2.94	28.67	31.21	611888	5387.0	9613.0	15000.0
41.6	27.5	-9779.23	6.89	16.37	1.77	29.48	31.21	611889	5388.0	9612.0	15000.0
41.6	27.5	-9779.23	6.89	16.37	1.77	29.48	31.21	611890	5389.0	9611.0	15000.0
41.6	27.5	-9780.52	6.86	16.39	3.34	29.22	31.21	611891	5390.0	9610.0	15000.0
41.6	27.5	-9780.52	6.86	16.39	3.34	29.22	31.21	611892	5391.0	9609.0	15000.0
41.6	27.5	-9774.96	6.94	16.42	2.37	29.0	31.21	611893	5392.0	9608.0	15000.0
41.6	27.5	-9774.96	6.94	16.42	2.37	29.0	31.21	611894	5393.0	9607.0	15000.0
41.6	27.5	-9779.66	6.85	16.39	3.8	29.92	31.22	611895	5394.0	9606.0	15000.0
41.6	27.5	-9779.66	6.85	16.39	3.8	29.92	31.22	611896	5395.0	9605.0	15000.0
41.6	27.5	-9783.08	6.85	16.39	3.54	30.17	31.22	611897	5396.0	9604.0	15000.0
41.6	27.5	-9783.08	6.85	16.39	3.54	30.17	31.22	611898	5397.0	9603.0	15000.0
41.6	27.4	-9777.52	6.88	16.42	2.33	28.57	31.22	611899	5398.0	9602.0	15000.0
41.6	27.4	-9777.52	6.88	16.42	2.33	28.57	31.21	611900	5399.0	9601.0	15000.0
41.6	27.4	-9782.65	6.84	16.44	2.61	28.89	31.2	611901	5400.0	9600.0	15000.0
41.6	27.4	-9782.65	6.84	16.44	2.61	28.89	31.2	611902	5401.0	9599.0	15000.0
41.6	27.4	-9782.65	6.81	16.45	4.29	29.73	31.21	611903	5402.0	9598.0	15000.0
41.6	27.4	-9782.65	6.81	16.45	4.29	29.73	31.2	611904	5403.0	9597.0	15000.0
41.6	27.4	-9783.08	6.84	16.47	3.17	28.66	31.2	611905	5404.0	9596.0	15000.0
41.6	27.4	-9783.08	6.84	16.47	3.17	28.66	31.21	611906	5405.0	9595.0	15000.0
41.6	27.4	-9779.66	6.88	16.38	2.56	28.99	31.21	611907	5406.0	9594.0	15000.0
41.6	27.4	-9779.66	6.88	16.38	2.56	28.99	31.21	611908	5407.0	9593.0	15000.0
41.6	27.5	-9780.94	6.85	16.48	3.24	28.47	31.21	611909	5408.0	9592.0	15000.0
41.6	27.5	-9780.94	6.85	16.48	3.24	28.47	31.21	611910	5409.0	9591.0	15000.0
41.6	27.5	-9780.94	6.85	16.48	3.24	28.47	31.21	611911	5410.0	9590.0	15000.0
41.6	27.5	-9780.94	6.85	16.48	3.24	28.47	31.21	611912	5411.0	9589.0	15000.0
41.6	27.5	-9782.65	6.91	16.43	2.47	27.88	31.21	611913	5412.0	9588.0	15000.0
41.6	27.5	-9782.65	6.91	16.43	2.47	27.88	31.21	611914	5413.0	9587.0	15000.0
41.6	27.5	-9783.93	6.85	16.39	3.46	30.08	31.21	611915	5414.0	9586.0	15000.0
41.6	27.5	-9783.93	6.85	16.39	3.46	30.08	31.21	611916	5415.0	9585.0	15000.0
41.6	27.5	-9778.38	6.89	16.45	2.18	27.54	31.21	611917	5416.0	9584.0	15000.0
41.6	27.5	-9778.38	6.89	16.45	2.18	27.54	31.21	611918	5417.0	9583.0	15000.0
41.6	27.5	-9777.95	6.81	16.41	2.53	28.95	31.22	611919	5418.0	9582.0	15000.0
41.6	27.5	-9777.95	6.81	16.41	2.53	28.95	31.22	611920	5419.0	9581.0	15000.0
41.6	27.5	-9781.8	6.9	16.44	3.58	28.27	31.21	611921	5420.0	9580.0	15000.0
41.6	27.5	-9781.8	6.9	16.44	3.58	28.27	31.21	611922	5421.0	9579.0	15000.0
41.6	27.5	-9780.52	6.9	16.44	2.57	28.6	31.21	611923	5422.0	9578.0	15000.0
41.6	27.5	-9780.52	6.9	16.44	2.57	28.6	31.2	611924	5423.0	9577.0	15000.0
41.6	27.5	-9780.94	6.91	16.38	3.3	29.2	31.2	611925	5424.0	9576.0	15000.0
41.6	27.5	-9780.94	6.91	16.38	3.3	29.2	31.21	611926	5425.0	9575.0	15000.0
41.6	27.5	-9780.52	6.88	16.42	2.47	28.3	31.22	611927	5426.0	9574.0	15000.0
41.6	27.5	-9780.52	6.88	16.42	2.47	28.3	31.22	611928	5427.0	9573.0	15000.0
41.6	27.4	-9779.66	6.86	16.44	2.71	28.34	31.21	611929	5428.0	9572.0	15000.0
41.6	27.4	-9779.66	6.86	16.44	2.71	28.34	31.22	611930	5429.0	9571.0	15000.0
41.59	27.4	-9783.08	6.87	16.44	2.93	28.89	31.22	611931	5430.0	9570.0	15000.0
41.58	27.4	-9783.08	6.87	16.44	2.93	28.89	31.21	611932	5431.0	9569.0	15000.0
41.56	27.4	-9777.52	6.87	16.44	2.45	28.49	31.2	611933	5432.0	9568.0	15000.0
41.55	27.4	-9777.52	6.87	16.44	2.45	28.49	31.2	611934	5433.0	9567.0	15000.0
41.54	27.4	-9780.52	6.84	16.37	2.77	30.12	31.2	611935	5434.0	9566.0	15000.0
41.52	27.4	-9780.52	6.84	16.37	2.77	30.12	31.2	611936	5435.0	9565.0	15000.0
41.51	27.4	-9780.52	6.86	16.4	3.5	29.9	31.2	611937	5436.0	9564.0	15000.0
41.5	27.4	-9780.52	6.86	16.4	3.5	29.9	31.2	611938	5437.0	9563.0	15000.0
41.5	27.5	-9779.66	6.85	16.45	2.83	29.12	31.21	611939	5438.0	9562.0	15000.0
41.5	27.5	-9779.66	6.85	16.45	2.83	29.12	31.21	611940	5439.0	9561.0	15000.0
41.51	27.5	-9779.66	6.85	16.45	2.83	29.12	31.21	611941	5440.0	9560.0	15000.0
41.52	27.5	-9779.66	6.85	16.45	2.83	29.12	31.21	611942	5441.0	9559.0	15000.0
41.54	27.5	-9782.22	6.89	16.35	3.61	31.47	31.21	611943	5442.0	9558.0	15000.0
41.55	27.5	-9782.22	6.89	16.35	3.61	31.47	31.2	611944	5443.0	9557.0	15000.0
41.56	27.5	-9782.22	6.84	16.44	2.51	29.37	31.2	611945	5444.0	9556.0	15000.0
41.58	27.5	-9782.22	6.84	16.44	2.51	29.37	31.2	611946	5445.0	9555.0	15000.0
41.59	27.5	-9780.52	6.92	16.39	2.73	29.62	31.21	611947	5446.0	9554.0	15000.0
41.6	27.5	-9780.52	6.92	16.39	2.73	29.62	31.21	611948	5447.0	9553.0	15000.0
41.6	27.5	-9779.66	6.82	16.41	3.77	29.85	31.21	611949	5448.0	9552.0	15000.0
41.6	27.5	-9779.66	6.82	16.41	3.77	29.85	31.2	611950	5449.0	9551.0	15000.0
41.6	27.5	-9786.5	6.89	16.41	3.03	30.05	31.2	611951	5450.0	9550.0	15000.0
41.6	27.5	-9786.5	6.89	16.41	3.03	30.05	31.2	611952	5451.0	9549.0	15000.0
41.6	27.5	-9783.08	6.84	16.36	3.89	30.26	31.2	611953	5452.0	9548.0	15000.0
41.6	27.5	-9783.08	6.84	16.36	3.89	30.26	31.2	611954	5453.0	9547.0	15000.0
41.6	27.5	-9779.23	6.9	16.43	2.66	29.57	31.21	611955	5454.0	9546.0	15000.0
41.6	27.5	-9779.23	6.9	16.43	2.66	29.57	31.21	611956	5455.0	9545.0	15000.0
41.6	27.5	-9783.08	6.86	16.48	3.24	29.56	31.21	611957	5456.0	9544.0	15000.0
41.6	27.5	-9783.08	6.86	16.48	3.24	29.56	31.2	611958	5457.0	9543.0	15000.0
41.6	27.5	-9783.93	6.79	16.45	3.54	29.15	31.2	611959	5458.0	9542.0	15000.0
41.6	27.5	-9783.93	6.79	16.45	3.54	29.15	31.2	611960	5459.0	9541.0	15000.0
41.6	27.5	-9775.82	6.9	16.34	3.11	29.84	31.21	611961	5460.0	9540.0	15000.0
41.6	27.5	-9775.82	6.9	16.34	3.11	29.84	31.2	611962	5461.0	9539.0	15000.0
41.6	27.5	-9779.66	6.86	16.46	3.06	27.4	31.2	611963	5462.0	9538.0	15000.0
41.6	27.5	-9779.66	6.86	16.46	3.06	27.4	31.2	611964	5463.0	9537.0	15000.0
41.6	27.5	-9779.66	6.86	16.46	3.06	27.4	31.2	611965	5464.0	9536.0	15000.0
41.6	27.5	-9779.66	6.86	16.46	3.06	27.4	31.2	611966	5465.0	9535.0	15000.0
41.6	27.5	-9779.23	6.91	16.42	2.66	29.35	31.2	611967	5466.0	9534.0	15000.0
41.6	27.5	-9779.23	6.91	16.42	2.66	29.35	31.2	611968	5467.0	9533.0	15000.0
41.6	27.5	-9780.94	6.93	16.44	3.23	28.81	31.2	611969	5468.0	9532.0	15000.0
41.6	27.5	-9780.94	6.93	16.44	3.23	28.81	31.2	611970	5469.0	9531.0	15000.0
41.61	27.5	-9784.79	6.87	16.45	3.5	28.5	31.2	611971	5470.0	9530.0	15000.0
41.63	27.5	-9784.79	6.87	16.45	3.5	28.5	31.2	611972	5471.0	9529.0	15000.0
41.64	27.5	-9784.79	6.91	16.38	2.66	29.3	31.2	611973	5472.0	9528.0	15000.0
41.66	27.5	-9784.79	6.91	16.38	2.66	29.3	31.2	611974	5473.0	9527.0	15000.0
41.68	27.5	-9779.23	6.82	16.45	3.13	28.29	31.2	611975	5474.0	9526.0	15000.0
41.69	27.5	-9779.23	6.82	16.45	3.13	28.29	31.2	611976	5475.0	9525.0	15000.0
41.7	27.5	-9779.66	6.88	16.45	3.11	27.6	31.19	611977	5476.0	9524.0	15000.0
41.71	27.5	-9779.66	6.88	16.45	3.11	27.6	31.2	611978	5477.0	9523.0	15000.0
41.7	27.5	-9781.8	6.88	16.41	2.19	29.38	31.21	611979	5478.0	9522.0	15000.0
41.69	27.5	-9781.8	6.88	16.41	2.19	29.38	31.2	611980	5479.0	9521.0	15000.0
41.68	27.5	-9781.37	6.89	16.45	3.3	28.65	31.2	611981	5480.0	9520.0	15000.0
41.67	27.5	-9781.37	6.89	16.45	3.3	28.65	31.2	611982	5481.0	9519.0	15000.0
41.66	27.5	-9782.65	6.91	16.42	3.03	28.63	31.2	611983	5482.0	9518.0	15000.0
41.65	27.5	-9782.65	6.91	16.42	3.03	28.63	31.21	611984	5483.0	9517.0	15000.0
41.64	27.5	-9782.22	6.84	16.43	2.94	29.13	31.21	611985	5484.0	9516.0	15000.0
41.63	27.5	-9782.22	6.84	16.43	2.94	29.13	31.2	611986	5485.0	9515.0	15000.0
41.62	27.5	-9778.81	6.85	16.44	3.15	28.38	31.2	611987	5486.0	9514.0	15000.0
41.61	27.5	-9778.81	6.85	16.44	3.15	28.38	31.2	611988	5487.0	9513.0	15000.0
41.6	27.5	-9777.95	6.88	16.46	2.37	28.65	31.2	611989	5488.0	9512.0	15000.0
41.59	27.5	-9777.95	6.88	16.46	2.37	28.65	31.2	611990	5489.0	9511.0	15000.0
41.58	27.5	-9781.8	6.85	16.37	3.27	29.8	31.2	611991	5490.0	9510.0	15000.0
41.57	27.5	-9781.8	6.85	16.37	3.27	29.8	31.2	611992	5491.0	9509.0	15000.0
41.56	27.5	-9779.23	6.85	16.45	2.92	27.89	31.19	611993	5492.0	9508.0	15000.0
41.55	27.5	-9779.23	6.85	16.45	2.92	27.89	31.19	611994	5493.0	9507.0	15000.0
41.54	27.5	-9779.23	6.85	16.45	2.92	27.89	31.19	611995	5494.0	9506.0	15000.0
41.53	27.5	-9779.23	6.85	16.45	2.92	27.89	31.19	611996	5495.0	9505.0	15000.0
41.52	27.5	-9780.09	6.88	16.44	3.03	28.56	31.2	611997	5496.0	9504.0	15000.0
41.51	27.5	-9780.09	6.88	16.44	3.03	28.56	31.2	611998	5497.0	9503.0	15000.0
41.5	27.4	-9779.23	6.85	16.42	2.42	29.63	31.2	611999	5498.0	9502.0	15000.0
41.5	27.4	-9779.23	6.85	16.42	2.42	29.63	31.19	612000	5499.0	9501.0	15000.0
41.51	27.4	-9780.09	6.87	16.41	3.37	30.49	31.19	612001	5500.0	9500.0	15000.0
41.53	27.4	-9780.09	6.87	16.41	3.37	30.49	31.19	612002	5501.0	9499.0	15000.0
41.57	27.4	-9784.79	6.88	16.45	1.76	28.47	31.2	612003	5502.0	9498.0	15000.0
41.6	27.4	-9784.79	6.88	16.45	1.76	28.47	31.2	612004	5503.0	9497.0	15000.0
41.63	27.4	-9786.5	6.82	16.48	3.83	28.02	31.2	612005	5504.0	9496.0	15000.0
41.67	27.4	-9786.5	6.82	16.48	3.83	28.02	31.2	612006	5505.0	9495.0	15000.0
41.69	27.4	-9779.66	6.88	16.4	2.43	29.18	31.2	612007	5506.0	9494.0	15000.0
41.7	27.4	-9779.66	6.88	16.4	2.43	29.18	31.2	612008	5507.0	9493.0	15000.0
41.7	27.4	-9776.24	6.83	16.42	3.42	28.5	31.21	612009	5508.0	9492.0	15000.0
41.69	27.4	-9776.24	6.83	16.42	3.42	28.5	31.21	612010	5509.0	9491.0	15000.0
41.68	27.4	-9779.66	6.9	16.46	2.94	27.69	31.2	612011	5510.0	9490.0	15000.0
41.67	27.4	-9779.66	6.9	16.46	2.94	27.69	31.21	612012	5511.0	9489.0	15000.0
41.66	27.4	-9778.81	6.9	16.4	2.45	28.84	31.21	612013	5512.0	9488.0	15000.0
41.65	27.4	-9778.81	6.9	16.4	2.45	28.84	31.2	612014	5513.0	9487.0	15000.0
41.64	27.4	-9780.09	6.91	16.45	2.91	28.26	31.2	612015	5514.0	9486.0	15000.0
41.63	27.4	-9780.09	6.91	16.45	2.91	28.26	31.2	612016	5515.0	9485.0	15000.0
41.62	27.4	-9780.94	6.85	16.37	2.27	29.82	31.2	612017	5516.0	9484.0	15000.0
41.61	27.4	-9780.94	6.85	16.37	2.27	29.82	31.2	612018	5517.0	9483.0	15000.0
41.6	27.4	-9780.94	6.85	16.37	2.27	29.82	31.2	612019	5518.0	9482.0	15000.0
41.59	27.4	-9780.94	6.85	16.37	2.27	29.82	31.2	612020	5519.0	9481.0	15000.0
41.57	27.4	-9775.82	6.91	16.38	2.56	29.84	31.2	612021	5520.0	9480.0	15000.0
41.56	27.4	-9775.82	6.91	16.38	2.56	29.84	31.2	612022	5521.0	9479.0	15000.0
41.54	27.4	-9783.08	6.86	16.46	3.11	28.12	31.21	612023	5522.0	9478.0	15000.0
41.52	27.4	-9783.08	6.86	16.46	3.11	28.12	31.2	612024	5523.0	9477.0	15000.0
41.51	27.4	-9780.94	6.88	16.46	3.91	28.87	31.2	612025	5524.0	9476.0	15000.0
41.5	27.4	-9780.94	6.88	16.46	3.91	28.87	31.2	612026	5525.0	9475.0	15000.0
41.49	27.4	-9780.09	6.86	16.38	3.31	29.83	31.21	612027	5526.0	9474.0	15000.0
41.49	27.4	-9780.09	6.86	16.38	3.31	29.83	31.21	612028	5527.0	9473.0	15000.0
41.5	27.4	-9781.37	6.86	16.43	2.86	29.04	31.21	612029	5528.0	9472.0	15000.0
41.51	27.4	-9781.37	6.86	16.43	2.86	29.04	31.2	612030	5529.0	9471.0	15000.0
41.52	27.4	-9781.37	6.88	16.45	2.17	28.48	31.2	612031	5530.0	9470.0	15000.0
41.53	27.4	-9781.37	6.88	16.45	2.17	28.48	31.19	612032	5531.0	9469.0	15000.0
41.54	27.4	-9779.66	6.94	16.48	2.37	27.85	31.19	612033	5532.0	9468.0	15000.0
41.55	27.4	-9779.66	6.94	16.48	2.37	27.85	31.19	612034	5533.0	9467.0	15000.0
41.56	27.4	-9779.66	6.94	16.48	2.37	27.85	31.19	612035	5534.0	9466.0	15000.0
41.57	27.4	-9779.66	6.94	16.48	2.37	27.85	31.2	612036	5535.0	9465.0	15000.0
41.58	27.4	-9788.21	6.91	16.41	2.45	28.6	31.2	612037	5536.0	9464.0	15000.0
41.59	27.4	-9788.21	6.91	16.41	2.45	28.6	31.2	612038	5537.0	9463.0	15000.0
41.6	27.5	-9776.67	6.8	16.4	3.82	29.4	31.19	612039	5538.0	9462.0	15000.0
41.61	27.5	-9776.67	6.8	16.4	3.82	29.4	31.19	612040	5539.0	9461.0	15000.0
41.63	27.5	-9778.81	6.91	16.44	3.64	27.8	31.19	612041	5540.0	9460.0	15000.0
41.64	27.5	-9778.81	6.91	16.44	3.64	27.8	31.19	612042	5541.0	9459.0	15000.0
41.66	27.5	-9785.22	6.86	16.39	3.53	30.0	31.2	612043	5542.0	9458.0	15000.0
41.68	27.5	-9785.22	6.86	16.39	3.53	30.0	31.19	612044	5543.0	9457.0	15000.0
41.69	27.5	-9782.22	6.89	16.44	3.4	28.69	31.19	612045	5544.0	9456.0	15000.0
41.7	27.5	-9782.22	6.89	16.44	3.4	28.69	31.19	612046	5545.0	9455.0	15000.0
41.71	27.5	-9781.37	6.85	16.38	2.75	28.99	31.2	612047	5546.0	9454.0	15000.0
41.71	27.5	-9781.37	6.85	16.38	2.75	28.99	31.2	612048	5547.0	9453.0	15000.0
41.7	27.5	-9781.37	6.85	16.38	2.75	28.99	31.2	612049	5548.0	9452.0	15000.0
41.69	27.5	-9781.37	6.85	16.38	2.75	28.99	31.2	612050	5549.0	9451.0	15000.0
41.68	27.5	-9783.51	6.83	16.47	3.68	27.74	31.19	612051	5550.0	9450.0	15000.0
41.67	27.5	-9783.51	6.83	16.47	3.68	27.74	31.19	612052	5551.0	9449.0	15000.0
41.66	27.5	-9783.08	6.88	16.45	2.04	28.91	31.2	612053	5552.0	9448.0	15000.0
41.65	27.5	-9783.08	6.88	16.45	2.04	28.91	31.19	612054	5553.0	9447.0	15000.0
41.64	27.5	-9786.07	6.85	16.45	3.39	28.35	31.18	612055	5554.0	9446.0	15000.0
41.63	27.5	-9786.07	6.85	16.45	3.39	28.35	31.18	612056	5555.0	9445.0	15000.0
41.62	27.5	-9782.22	6.84	16.37	3.05	29.74	31.19	612057	5556.0	9444.0	15000.0
41.61	27.5	-9782.22	6.84	16.37	3.05	29.74	31.18	612058	5557.0	9443.0	15000.0
41.6	27.5	-9778.38	6.89	16.44	3.66	28.35	31.18	612059	5558.0	9442.0	15000.0
41.59	27.5	-9778.38	6.89	16.44	3.66	28.35	31.18	612060	5559.0	9441.0	15000.0
41.58	27.5	-9779.23	6.89	16.44	1.98	28.08	31.19	612061	5560.0	9440.0	15000.0
41.57	27.5	-9779.23	6.89	16.44	1.98	28.08	31.19	612062	5561.0	9439.0	15000.0
41.56	27.5	-9778.81	6.86	16.43	2.86	29.4	31.2	612063	5562.0	9438.0	15000.0
41.55	27.5	-9778.81	6.86	16.43	2.86	29.4	31.19	612064	5563.0	9437.0	15000.0
41.54	27.5	-9781.37	6.92	16.4	2.19	28.92	31.18	612065	5564.0	9436.0	15000.0
41.53	27.5	-9781.37	6.92	16.4	2.19	28.92	31.19	612066	5565.0	9435.0	15000.0
41.52	27.5	-9778.38	6.89	16.43	3.07	29.78	31.2	612067	5566.0	9434.0	15000.0
41.51	27.5	-9778.38	6.89	16.43	3.07	29.78	31.19	612068	5567.0	9433.0	15000.0
41.5	27.5	-9779.23	6.88	16.34	2.45	30.64	31.19	612069	5568.0	9432.0	15000.0
41.5	27.5	-9779.23	6.88	16.34	2.45	30.64	31.2	612070	5569.0	9431.0	15000.0
41.51	27.5	-9780.09	6.9	16.44	2.54	29.56	31.2	612071	5570.0	9430.0	15000.0
41.53	27.5	-9780.09	6.9	16.44	2.54	29.56	31.19	612072	5571.0	9429.0	15000.0
41.56	27.5	-9782.22	6.89	16.47	1.98	29.32	31.18	612073	5572.0	9428.0	15000.0
41.59	27.5	-9782.22	6.89	16.47	1.98	29.32	31.19	612074	5573.0	9427.0	15000.0
41.62	27.5	-9777.52	6.88	16.41	3.15	29.06	31.19	612075	5574.0	9426.0	15000.0
41.65	27.5	-9777.52	6.88	16.41	3.15	29.06	31.19	612076	5575.0	9425.0	15000.0
41.68	27.5	-9785.64	6.9	16.46	3.8	29.61	31.19	612077	5576.0	9424.0	15000.0
41.7	27.5	-9785.64	6.9	16.46	3.8	29.61	31.19	612078	5577.0	9423.0	15000.0
41.7	27.5	-9785.64	6.9	16.46	3.8	29.61	31.19	612079	5578.0	9422.0	15000.0
41.7	27.5	-9785.64	6.9	16.46	3.8	29.61	31.19	612080	5579.0	9421.0	15000.0
41.69	27.5	-9775.82	6.91	16.43	2.47	28.59	31.19	612081	5580.0	9420.0	15000.0
41.68	27.5	-9775.82	6.91	16.43	2.47	28.59	31.19	612082	5581.0	9419.0	15000.0
41.66	27.5	-9781.8	6.89	16.43	2.96	28.18	31.19	612083	5582.0	9418.0	15000.0
41.65	27.5	-9781.8	6.89	16.43	2.96	28.18	31.18	612084	5583.0	9417.0	15000.0
41.64	27.5	-9782.65	6.87	16.4	3.18	29.24	31.18	612085	5584.0	9416.0	15000.0
41.62	27.5	-9782.65	6.87	16.4	3.18	29.24	31.18	612086	5585.0	9415.0	15000.0
41.61	27.5	-9779.66	6.87	16.45	2.86	27.94	31.19	612087	5586.0	9414.0	15000.0
41.6	27.5	-9779.66	6.87	16.45	2.86	27.94	31.19	612088	5587.0	9413.0	15000.0
41.6	27.5	-9782.65	6.84	16.45	3.61	27.96	31.19	612089	5588.0	9412.0	15000.0
41.6	27.5	-9782.65	6.84	16.45	3.61	27.96	31.18	612090	5589.0	9411.0	15000.0
41.6	27.5	-9779.23	6.91	16.45	1.81	28.56	31.18	612091	5590.0	9410.0	15000.0
41.59	27.5	-9779.23	6.91	16.45	1.81	28.56	31.18	612092	5591.0	9409.0	15000.0
41.59	27.5	-9778.81	6.87	16.46	2.91	28.14	31.18	612093	5592.0	9408.0	15000.0
41.59	27.5	-9778.81	6.87	16.46	2.91	28.14	31.18	612094	5593.0	9407.0	15000.0
41.59	27.5	-9782.65	6.86	16.43	3.05	29.58	31.18	612095	5594.0	9406.0	15000.0
41.59	27.5	-9782.65	6.86	16.43	3.05	29.58	31.19	612096	5595.0	9405.0	15000.0
41.59	27.5	-9777.95	6.83	16.37	3.37	30.09	31.2	612097	5596.0	9404.0	15000.0
41.6	27.5	-9777.95	6.83	16.37	3.37	30.09	31.19	612098	5597.0	9403.0	15000.0
41.6	27.5	-9781.8	6.9	16.44	2.46	29.58	31.18	612099	5598.0	9402.0	15000.0
41.61	27.5	-9781.8	6.9	16.44	2.46	29.58	31.19	612100	5599.0	9401.0	15000.0
41.61	27.5	-9777.95	6.9	16.46	2.7	28.84	31.19	612101	5600.0	9400.0	15000.0
41.62	27.5	-9777.95	6.9	16.46	2.7	28.84	31.18	612102	5601.0	9399.0	15000.0
41.64	27.5	-9778.81	6.87	16.49	3.69	28.83	31.18	612103	5602.0	9398.0	15000.0
41.65	27.5	-9778.81	6.87	16.49	3.69	28.83	31.18	612104	5603.0	9397.0	15000.0
41.66	27.5	-9783.08	6.87	16.39	2.71	29.7	31.19	612105	5604.0	9396.0	15000.0
41.68	27.5	-9783.08	6.87	16.39	2.71	29.7	31.19	612106	5605.0	9395.0	15000.0
41.69	27.5	-9783.08	6.81	16.45	3.47	28.42	31.19	612107	5606.0	9394.0	15000.0
41.69	27.5	-9783.08	6.81	16.45	3.47	28.42	31.18	612108	5607.0	9393.0	15000.0
41.7	27.6	-9774.11	6.93	16.43	3.42	29.69	31.18	612109	5608.0	9392.0	15000.0
41.7	27.6	-9774.11	6.93	16.43	3.42	29.69	31.18	612110	5609.0	9391.0	15000.0
41.69	27.6	-9780.09	6.86	16.48	2.36	28.88	31.18	612111	5610.0	9390.0	15000.0
41.68	27.6	-9780.09	6.86	16.48	2.36	28.88	31.18	612112	5611.0	9389.0	15000.0
41.67	27.6	-9783.93	6.87	16.47	3.78	29.6	31.18	612113	5612.0	9388.0	15000.0
41.65	27.6	-9783.93	6.87	16.47	3.78	29.6	31.18	612114	5613.0	9387.0	15000.0
41.64	27.6	-9783.93	6.87	16.47	3.78	29.6	31.18	612115	5614.0	9386.0	15000.0
41.62	27.6	-9783.93	6.87	16.47	3.78	29.6	31.18	612116	5615.0	9385.0	15000.0
41.61	27.6	-9778.38	6.88	16.37	2.97	30.2	31.18	612117	5616.0	9384.0	15000.0
41.6	27.6	-9778.38	6.88	16.37	2.97	30.2	31.19	612118	5617.0	9383.0	15000.0
41.6	27.5	-9779.23	6.84	16.44	4.06	29.53	31.2	612119	5618.0	9382.0	15000.0
41.6	27.5	-9779.23	6.84	16.44	4.06	29.53	31.19	612120	5619.0	9381.0	15000.0
41.61	27.5	-9784.36	6.84	16.5	3.09	28.77	31.18	612121	5620.0	9380.0	15000.0
41.62	27.5	-9784.36	6.84	16.5	3.09	28.77	31.18	612122	5621.0	9379.0	15000.0
41.64	27.5	-9779.66	6.88	16.41	3.04	29.92	31.18	612123	5622.0	9378.0	15000.0
41.65	27.5	-9779.66	6.88	16.41	3.04	29.92	31.18	612124	5623.0	9377.0	15000.0
41.66	27.5	-9898.86	6.96	16.72	3.78	28.3	31.18	612125	5624.0	9376.0	15000.0
41.68	27.5	-9898.86	6.96	16.72	3.78	28.3	31.19	612126	5625.0	9375.0	15000.0
