EinAnaTmpMotorWicklU2_20Hz	EinAnaTmpUmgebung_20Hz	XcpAnaDrzMotorIst_20Hz	XcpAnaSpgMotorD_20Hz	XcpAnaSpgMotorQ_20Hz	XcpAnaStrMotorD_20Hz	XcpAnaStrMotorQ_20Hz	XcpAnaTmpElektronik_20Hz	index	runtime	downtime	check_sum
96.0	20.2	-6200.19	12.89	9.65	24.46	80.15	36.11	166051	1526.0	13474.0	15000.0
96.0	20.2	-6200.19	12.89	9.65	24.46	80.15	36.11	166052	1527.0	13473.0	15000.0
96.0	20.2	-9974.49	2.05	16.79	-0.15	9.04	36.11	166053	1528.0	13472.0	15000.0
96.0	20.2	-9974.49	2.05	16.79	-0.15	9.04	36.12	166054	1529.0	13471.0	15000.0
96.0	20.2	-8376.16	7.04	14.14	3.77	34.04	36.13	166055	1530.0	13470.0	15000.0
96.0	20.2	-8376.16	7.04	14.14	3.77	34.04	36.15	166056	1531.0	13469.0	15000.0
96.0	20.2	-8185.18	9.51	13.37	8.36	49.0	36.16	166057	1532.0	13468.0	15000.0
96.0	20.2	-8185.18	9.51	13.37	8.36	49.0	36.17	166058	1533.0	13467.0	15000.0
95.9	20.1	-8291.99	10.96	13.23	11.26	54.65	36.17	166059	1534.0	13466.0	15000.0
95.9	20.1	-8291.99	10.96	13.23	11.26	54.65	36.18	166060	1535.0	13465.0	15000.0
95.9	20.1	-8404.78	11.93	13.11	12.31	61.33	36.2	166061	1536.0	13464.0	15000.0
95.9	20.1	-8404.78	11.93	13.11	12.31	61.33	36.22	166062	1537.0	13463.0	15000.0
95.9	20.1	-8512.45	12.62	13.23	11.96	65.75	36.25	166063	1538.0	13462.0	15000.0
95.9	20.1	-8512.45	12.62	13.23	11.96	65.75	36.26	166064	1539.0	13461.0	15000.0
95.9	20.1	-8590.21	13.22	13.27	11.63	68.49	36.27	166065	1540.0	13460.0	15000.0
95.9	20.1	-8590.21	13.22	13.27	11.63	68.49	36.3	166066	1541.0	13459.0	15000.0
95.9	20.1	-8651.73	13.6	13.35	11.55	71.09	36.33	166067	1542.0	13458.0	15000.0
95.9	20.1	-8651.73	13.6	13.35	11.55	71.09	36.35	166068	1543.0	13457.0	15000.0
94.2	20.2	-8692.32	13.87	13.36	11.9	73.96	36.38	166069	1544.0	13456.0	15000.0
94.2	20.2	-8692.32	13.87	13.36	11.9	73.96	36.41	166070	1545.0	13455.0	15000.0
94.2	20.2	-8724.36	14.08	13.53	13.95	71.54	36.45	166071	1546.0	13454.0	15000.0
94.2	20.2	-8724.36	14.08	13.53	13.95	71.54	36.48	166072	1547.0	13453.0	15000.0
94.2	20.2	-8750.85	14.21	13.5	13.84	73.34	36.51	166073	1548.0	13452.0	15000.0
94.2	20.2	-8750.85	14.21	13.5	13.84	73.34	36.55	166074	1549.0	13451.0	15000.0
94.2	20.2	-8764.1	14.39	13.48	10.57	74.46	36.6	166075	1550.0	13450.0	15000.0
94.2	20.2	-8764.1	14.39	13.48	10.57	74.46	36.64	166076	1551.0	13449.0	15000.0
94.2	20.2	-8780.76	14.4	13.54	12.5	73.8	36.68	166077	1552.0	13448.0	15000.0
94.2	20.2	-8780.76	14.4	13.54	12.5	73.8	36.71	166078	1553.0	13447.0	15000.0
91.7	20.2	-8789.3	14.42	13.45	12.45	77.53	36.73	166079	1554.0	13446.0	15000.0
91.7	20.2	-8789.3	14.42	13.45	12.45	77.53	36.77	166080	1555.0	13445.0	15000.0
91.7	20.2	-8794.43	14.47	13.54	16.89	72.2	36.82	166081	1556.0	13444.0	15000.0
91.7	20.2	-8794.43	14.47	13.54	16.89	72.2	36.89	166082	1557.0	13443.0	15000.0
91.7	20.2	-8802.55	14.53	13.47	16.68	72.83	36.96	166083	1558.0	13442.0	15000.0
91.7	20.2	-8802.55	14.53	13.47	16.68	72.83	36.96	166084	1559.0	13441.0	15000.0
91.7	20.2	-8802.55	14.53	13.47	16.68	72.83	36.96	166085	1560.0	13440.0	15000.0
91.7	20.2	-8802.55	14.53	13.47	16.68	72.83	37.01	166086	1561.0	13439.0	15000.0
91.7	20.2	-8804.26	14.59	13.46	14.67	75.56	37.05	166087	1562.0	13438.0	15000.0
91.7	20.2	-8804.26	14.59	13.46	14.67	75.56	37.09	166088	1563.0	13437.0	15000.0
89.6	20.2	-8804.26	14.48	13.41	15.76	77.85	37.13	166089	1564.0	13436.0	15000.0
89.6	20.2	-8804.26	14.48	13.41	15.76	77.85	37.17	166090	1565.0	13435.0	15000.0
89.6	20.2	-8805.11	14.61	13.4	11.4	76.85	37.2	166091	1566.0	13434.0	15000.0
89.6	20.2	-8805.11	14.61	13.4	11.4	76.85	37.25	166092	1567.0	13433.0	15000.0
89.6	20.2	-8811.95	14.62	13.44	12.54	74.76	37.29	166093	1568.0	13432.0	15000.0
89.6	20.2	-8811.95	14.62	13.44	12.54	74.76	37.32	166094	1569.0	13431.0	15000.0
89.6	20.2	-8808.53	14.62	13.47	13.32	76.41	37.36	166095	1570.0	13430.0	15000.0
89.6	20.2	-8808.53	14.62	13.47	13.32	76.41	37.4	166096	1571.0	13429.0	15000.0
89.6	20.2	-8809.81	14.64	13.53	11.79	74.88	37.44	166097	1572.0	13428.0	15000.0
89.6	20.2	-8809.81	14.64	13.53	11.79	74.88	37.48	166098	1573.0	13427.0	15000.0
88.0	20.2	-8811.95	14.5	13.48	16.25	74.52	37.52	166099	1574.0	13426.0	15000.0
88.0	20.2	-8811.95	14.5	13.48	16.25	74.52	37.55	166100	1575.0	13425.0	15000.0
88.0	20.2	-8809.39	14.63	13.39	12.07	77.53	37.58	166101	1576.0	13424.0	15000.0
88.0	20.2	-8809.39	14.63	13.39	12.07	77.53	37.62	166102	1577.0	13423.0	15000.0
88.0	20.2	-8809.81	14.63	13.49	11.85	74.37	37.65	166103	1578.0	13422.0	15000.0
88.0	20.2	-8809.81	14.63	13.49	11.85	74.37	37.68	166104	1579.0	13421.0	15000.0
88.0	20.2	-8810.24	14.61	13.45	13.87	75.45	37.72	166105	1580.0	13420.0	15000.0
88.0	20.2	-8810.24	14.61	13.45	13.87	75.45	37.76	166106	1581.0	13419.0	15000.0
88.0	20.2	-8807.68	14.65	13.37	11.63	76.84	37.8	166107	1582.0	13418.0	15000.0
88.0	20.2	-8807.68	14.65	13.37	11.63	76.84	37.83	166108	1583.0	13417.0	15000.0
86.9	20.1	-8806.39	14.62	13.45	15.02	74.59	37.86	166109	1584.0	13416.0	15000.0
86.9	20.1	-8806.39	14.62	13.45	15.02	74.59	37.9	166110	1585.0	13415.0	15000.0
86.9	20.1	-8811.09	14.58	13.38	13.97	78.89	37.94	166111	1586.0	13414.0	15000.0
86.9	20.1	-8811.09	14.58	13.38	13.97	78.89	37.94	166112	1587.0	13413.0	15000.0
86.9	20.1	-8811.09	14.58	13.38	13.97	78.89	37.94	166113	1588.0	13412.0	15000.0
86.9	20.1	-8811.09	14.58	13.38	13.97	78.89	37.97	166114	1589.0	13411.0	15000.0
86.9	20.1	-8811.52	14.58	13.49	14.18	74.1	38.01	166115	1590.0	13410.0	15000.0
86.9	20.1	-8811.52	14.58	13.49	14.18	74.1	38.04	166116	1591.0	13409.0	15000.0
86.9	20.1	-8811.09	14.61	13.43	12.01	76.62	38.08	166117	1592.0	13408.0	15000.0
86.9	20.1	-8811.09	14.61	13.43	12.01	76.62	38.11	166118	1593.0	13407.0	15000.0
86.1	20.2	-8808.53	14.61	13.48	13.39	74.79	38.14	166119	1594.0	13406.0	15000.0
86.1	20.2	-8808.53	14.61	13.48	13.39	74.79	38.17	166120	1595.0	13405.0	15000.0
86.1	20.2	-8807.25	14.49	13.41	15.89	77.71	38.21	166121	1596.0	13404.0	15000.0
86.1	20.2	-8807.25	14.49	13.41	15.89	77.71	38.27	166122	1597.0	13403.0	15000.0
86.1	20.2	-8814.08	14.6	13.42	14.43	77.29	38.32	166123	1598.0	13402.0	15000.0
86.1	20.2	-8814.08	14.6	13.42	14.43	77.29	38.35	166124	1599.0	13401.0	15000.0
86.1	20.2	-8810.67	14.61	13.45	11.35	76.0	38.37	166125	1600.0	13400.0	15000.0
86.1	20.2	-8810.67	14.61	13.45	11.35	76.0	38.4	166126	1601.0	13399.0	15000.0
86.1	20.2	-8812.38	14.57	13.51	15.71	74.84	38.43	166127	1602.0	13398.0	15000.0
86.1	20.2	-8812.38	14.57	13.51	15.71	74.84	38.46	166128	1603.0	13397.0	15000.0
85.7	20.2	-8807.68	14.58	13.46	12.91	76.99	38.48	166129	1604.0	13396.0	15000.0
85.7	20.2	-8807.68	14.58	13.46	12.91	76.99	38.52	166130	1605.0	13395.0	15000.0
85.7	20.2	-8810.67	14.61	13.51	13.02	73.32	38.55	166131	1606.0	13394.0	15000.0
85.7	20.2	-8810.67	14.61	13.51	13.02	73.32	38.57	166132	1607.0	13393.0	15000.0
85.7	20.2	-8809.81	14.62	13.38	12.44	77.75	38.59	166133	1608.0	13392.0	15000.0
85.7	20.2	-8809.81	14.62	13.38	12.44	77.75	38.61	166134	1609.0	13391.0	15000.0
85.7	20.2	-8810.24	14.63	13.44	12.87	75.06	38.63	166135	1610.0	13390.0	15000.0
85.7	20.2	-8810.24	14.63	13.44	12.87	75.06	38.65	166136	1611.0	13389.0	15000.0
85.7	20.2	-8808.96	14.53	13.5	14.22	77.14	38.68	166137	1612.0	13388.0	15000.0
85.7	20.2	-8808.96	14.53	13.5	14.22	77.14	38.71	166138	1613.0	13387.0	15000.0
85.4	20.3	-8811.95	14.61	13.48	13.51	75.19	38.73	166139	1614.0	13386.0	15000.0
85.4	20.3	-8811.95	14.61	13.48	13.51	75.19	38.75	166140	1615.0	13385.0	15000.0
85.4	20.3	-8808.96	14.58	13.38	12.92	78.11	38.77	166141	1616.0	13384.0	15000.0
85.4	20.3	-8808.96	14.58	13.38	12.92	78.11	38.79	166142	1617.0	13383.0	15000.0
85.4	20.3	-8808.96	14.63	13.51	11.95	74.91	38.81	166143	1618.0	13382.0	15000.0
85.4	20.3	-8808.96	14.63	13.51	11.95	74.91	38.81	166144	1619.0	13381.0	15000.0
85.4	20.3	-8808.96	14.63	13.51	11.95	74.91	38.81	166145	1620.0	13380.0	15000.0
85.4	20.3	-8808.96	14.63	13.51	11.95	74.91	38.84	166146	1621.0	13379.0	15000.0
85.4	20.3	-8810.24	14.56	13.48	15.93	76.51	38.87	166147	1622.0	13378.0	15000.0
85.4	20.3	-8810.24	14.56	13.48	15.93	76.51	38.9	166148	1623.0	13377.0	15000.0
85.3	20.2	-8810.67	14.65	13.45	11.58	76.19	38.92	166149	1624.0	13376.0	15000.0
85.3	20.2	-8810.67	14.65	13.45	11.58	76.19	38.93	166150	1625.0	13375.0	15000.0
85.3	20.2	-8810.24	14.54	13.46	14.1	76.25	38.94	166151	1626.0	13374.0	15000.0
85.3	20.2	-8810.24	14.54	13.46	14.1	76.25	38.97	166152	1627.0	13373.0	15000.0
85.3	20.2	-8812.38	14.63	13.5	11.71	75.84	38.99	166153	1628.0	13372.0	15000.0
85.3	20.2	-8812.38	14.63	13.5	11.71	75.84	39.0	166154	1629.0	13371.0	15000.0
85.3	20.2	-8806.82	14.53	13.52	15.58	75.13	39.02	166155	1630.0	13370.0	15000.0
85.3	20.2	-8806.82	14.53	13.52	15.58	75.13	39.04	166156	1631.0	13369.0	15000.0
85.3	20.2	-8809.39	14.58	13.48	11.93	76.73	39.07	166157	1632.0	13368.0	15000.0
85.3	20.2	-8809.39	14.58	13.48	11.93	76.73	39.11	166158	1633.0	13367.0	15000.0
85.4	20.2	-8809.81	14.56	13.51	14.55	75.07	39.14	166159	1634.0	13366.0	15000.0
85.4	20.2	-8809.81	14.56	13.51	14.55	75.07	39.16	166160	1635.0	13365.0	15000.0
85.4	20.2	-8807.25	14.64	13.55	11.48	74.42	39.18	166161	1636.0	13364.0	15000.0
85.4	20.2	-8807.25	14.64	13.55	11.48	74.42	39.2	166162	1637.0	13363.0	15000.0
85.4	20.2	-8811.09	14.49	13.54	16.57	73.38	39.21	166163	1638.0	13362.0	15000.0
85.4	20.2	-8811.09	14.49	13.54	16.57	73.38	39.22	166164	1639.0	13361.0	15000.0
85.4	20.2	-8803.83	14.65	13.45	13.02	76.89	39.24	166165	1640.0	13360.0	15000.0
85.4	20.2	-8803.83	14.65	13.45	13.02	76.89	39.26	166166	1641.0	13359.0	15000.0
85.4	20.2	-8806.39	14.6	13.57	12.37	74.69	39.28	166167	1642.0	13358.0	15000.0
85.4	20.2	-8806.39	14.6	13.57	12.37	74.69	39.31	166168	1643.0	13357.0	15000.0
85.5	20.2	-8812.38	14.57	13.58	12.53	74.09	39.33	166169	1644.0	13356.0	15000.0
85.5	20.2	-8812.38	14.57	13.58	12.53	74.09	39.34	166170	1645.0	13355.0	15000.0
85.5	20.2	-8808.96	14.61	13.53	13.68	72.5	39.34	166171	1646.0	13354.0	15000.0
85.5	20.2	-8808.96	14.61	13.53	13.68	72.5	39.35	166172	1647.0	13353.0	15000.0
85.5	20.2	-8809.81	14.54	13.57	14.83	74.14	39.37	166173	1648.0	13352.0	15000.0
85.5	20.2	-8809.81	14.54	13.57	14.83	74.14	39.39	166174	1649.0	13351.0	15000.0
85.5	20.2	-8809.39	14.52	13.45	13.75	78.6	39.41	166175	1650.0	13350.0	15000.0
85.5	20.2	-8809.39	14.52	13.45	13.75	78.6	39.42	166176	1651.0	13349.0	15000.0
85.5	20.2	-8805.54	14.6	13.51	12.53	75.21	39.43	166177	1652.0	13348.0	15000.0
85.5	20.2	-8805.54	14.6	13.51	12.53	75.21	39.43	166178	1653.0	13347.0	15000.0
85.7	20.2	-8805.54	14.6	13.51	12.53	75.21	39.43	166179	1654.0	13346.0	15000.0
85.7	20.2	-8805.54	14.6	13.51	12.53	75.21	39.44	166180	1655.0	13345.0	15000.0
85.7	20.2	-8808.96	14.57	13.46	13.1	77.03	39.46	166181	1656.0	13344.0	15000.0
85.7	20.2	-8808.96	14.57	13.46	13.1	77.03	39.48	166182	1657.0	13343.0	15000.0
85.7	20.2	-8813.23	14.63	13.55	12.34	74.05	39.5	166183	1658.0	13342.0	15000.0
85.7	20.2	-8813.23	14.63	13.55	12.34	74.05	39.51	166184	1659.0	13341.0	15000.0
85.7	20.2	-8810.24	14.54	13.45	14.07	77.62	39.52	166185	1660.0	13340.0	15000.0
85.7	20.2	-8810.24	14.54	13.45	14.07	77.62	39.53	166186	1661.0	13339.0	15000.0
85.7	20.2	-8808.1	14.6	13.51	12.98	75.24	39.54	166187	1662.0	13338.0	15000.0
85.7	20.2	-8808.1	14.6	13.51	12.98	75.24	39.55	166188	1663.0	13337.0	15000.0
86.1	20.2	-8811.09	14.53	13.46	13.68	76.97	39.57	166189	1664.0	13336.0	15000.0
86.1	20.2	-8811.09	14.53	13.46	13.68	76.97	39.59	166190	1665.0	13335.0	15000.0
86.1	20.2	-8808.1	14.65	13.5	11.15	76.23	39.6	166191	1666.0	13334.0	15000.0
86.1	20.2	-8808.1	14.65	13.5	11.15	76.23	39.61	166192	1667.0	13333.0	15000.0
86.1	20.2	-8809.39	14.57	13.61	16.76	73.03	39.62	166193	1668.0	13332.0	15000.0
86.1	20.2	-8809.39	14.57	13.61	16.76	73.03	39.64	166194	1669.0	13331.0	15000.0
86.1	20.2	-8806.82	14.56	13.48	11.59	77.3	39.65	166195	1670.0	13330.0	15000.0
86.1	20.2	-8806.82	14.56	13.48	11.59	77.3	39.66	166196	1671.0	13329.0	15000.0
86.1	20.2	-8808.96	14.56	13.5	11.9	74.21	39.67	166197	1672.0	13328.0	15000.0
86.1	20.2	-8808.96	14.56	13.5	11.9	74.21	39.68	166198	1673.0	13327.0	15000.0
86.4	20.2	-8809.81	14.59	13.51	11.04	76.01	39.69	166199	1674.0	13326.0	15000.0
86.4	20.2	-8809.81	14.59	13.51	11.04	76.01	39.71	166200	1675.0	13325.0	15000.0
86.4	20.2	-8808.1	14.57	13.55	14.32	74.35	39.74	166201	1676.0	13324.0	15000.0
86.4	20.2	-8808.1	14.57	13.55	14.32	74.35	39.76	166202	1677.0	13323.0	15000.0
86.4	20.2	-8809.39	14.49	13.47	13.48	78.13	39.77	166203	1678.0	13322.0	15000.0
86.4	20.2	-8809.39	14.49	13.47	13.48	78.13	39.77	166204	1679.0	13321.0	15000.0
86.4	20.2	-8809.39	14.49	13.47	13.48	78.13	39.77	166205	1680.0	13320.0	15000.0
86.4	20.2	-8809.39	14.49	13.47	13.48	78.13	39.78	166206	1681.0	13319.0	15000.0
86.4	20.2	-8809.39	14.57	13.55	12.64	74.79	39.79	166207	1682.0	13318.0	15000.0
86.4	20.2	-8809.39	14.57	13.55	12.64	74.79	39.8	166208	1683.0	13317.0	15000.0
86.9	20.3	-8809.81	14.56	13.49	14.07	76.27	39.81	166209	1684.0	13316.0	15000.0
86.9	20.3	-8809.81	14.56	13.49	14.07	76.27	39.81	166210	1685.0	13315.0	15000.0
86.9	20.3	-8808.1	14.57	13.45	11.36	76.67	39.82	166211	1686.0	13314.0	15000.0
86.9	20.3	-8808.1	14.57	13.45	11.36	76.67	39.84	166212	1687.0	13313.0	15000.0
86.9	20.3	-8812.38	14.58	13.53	13.18	74.73	39.86	166213	1688.0	13312.0	15000.0
86.9	20.3	-8812.38	14.58	13.53	13.18	74.73	39.87	166214	1689.0	13311.0	15000.0
86.9	20.3	-8808.53	14.55	13.59	13.43	75.07	39.88	166215	1690.0	13310.0	15000.0
86.9	20.3	-8808.53	14.55	13.59	13.43	75.07	39.89	166216	1691.0	13309.0	15000.0
86.9	20.3	-8808.96	14.58	13.49	12.52	76.0	39.9	166217	1692.0	13308.0	15000.0
86.9	20.3	-8808.96	14.58	13.49	12.52	76.0	39.9	166218	1693.0	13307.0	15000.0
87.4	20.2	-8812.38	14.53	13.61	13.73	74.88	39.91	166219	1694.0	13306.0	15000.0
87.4	20.2	-8812.38	14.53	13.61	13.73	74.88	39.93	166220	1695.0	13305.0	15000.0
87.4	20.2	-8814.94	14.58	13.58	12.16	74.14	39.94	166221	1696.0	13304.0	15000.0
87.4	20.2	-8814.94	14.58	13.58	12.16	74.14	39.95	166222	1697.0	13303.0	15000.0
87.4	20.2	-8812.8	14.51	13.57	15.63	74.88	39.96	166223	1698.0	13302.0	15000.0
87.4	20.2	-8812.8	14.51	13.57	15.63	74.88	39.97	166224	1699.0	13301.0	15000.0
87.4	20.2	-8811.09	14.56	13.55	12.06	75.43	39.98	166225	1700.0	13300.0	15000.0
87.4	20.2	-8811.09	14.56	13.55	12.06	75.43	39.98	166226	1701.0	13299.0	15000.0
87.4	20.2	-8811.09	14.53	13.48	13.7	76.28	39.99	166227	1702.0	13298.0	15000.0
87.4	20.2	-8811.09	14.53	13.48	13.7	76.28	40.0	166228	1703.0	13297.0	15000.0
87.9	20.2	-8807.68	14.62	13.5	11.73	76.57	40.01	166229	1704.0	13296.0	15000.0
87.9	20.2	-8807.68	14.62	13.5	11.73	76.57	40.02	166230	1705.0	13295.0	15000.0
87.9	20.2	-8810.67	14.5	13.59	16.83	72.69	40.03	166231	1706.0	13294.0	15000.0
87.9	20.2	-8810.67	14.5	13.59	16.83	72.69	40.03	166232	1707.0	13293.0	15000.0
87.9	20.2	-8810.67	14.5	13.59	16.83	72.69	40.03	166233	1708.0	13292.0	15000.0
87.9	20.2	-8810.67	14.5	13.59	16.83	72.69	40.03	166234	1709.0	13291.0	15000.0
87.9	20.2	-8809.39	14.61	13.58	12.29	76.2	40.04	166235	1710.0	13290.0	15000.0
87.9	20.2	-8809.39	14.61	13.58	12.29	76.2	40.05	166236	1711.0	13289.0	15000.0
87.9	20.2	-8808.53	14.55	13.51	12.15	74.6	40.06	166237	1712.0	13288.0	15000.0
87.9	20.2	-8808.53	14.55	13.51	12.15	74.6	40.07	166238	1713.0	13287.0	15000.0
88.4	20.2	-8810.24	14.56	13.58	12.06	75.0	40.09	166239	1714.0	13286.0	15000.0
88.4	20.2	-8810.24	14.56	13.58	12.06	75.0	40.09	166240	1715.0	13285.0	15000.0
88.4	20.2	-8809.81	14.54	13.53	13.66	76.5	40.1	166241	1716.0	13284.0	15000.0
88.4	20.2	-8809.81	14.54	13.53	13.66	76.5	40.11	166242	1717.0	13283.0	15000.0
88.4	20.2	-8806.82	14.59	13.47	11.94	76.93	40.13	166243	1718.0	13282.0	15000.0
88.4	20.2	-8806.82	14.59	13.47	11.94	76.93	40.14	166244	1719.0	13281.0	15000.0
88.4	20.2	-8808.1	14.55	13.59	13.87	73.67	40.15	166245	1720.0	13280.0	15000.0
88.4	20.2	-8808.1	14.55	13.59	13.87	73.67	40.15	166246	1721.0	13279.0	15000.0
88.4	20.2	-8811.95	14.56	13.47	10.97	77.12	40.15	166247	1722.0	13278.0	15000.0
88.4	20.2	-8811.95	14.56	13.47	10.97	77.12	40.16	166248	1723.0	13277.0	15000.0
88.9	20.2	-8810.24	14.54	13.58	15.01	74.04	40.17	166249	1724.0	13276.0	15000.0
88.9	20.2	-8810.24	14.54	13.58	15.01	74.04	40.18	166250	1725.0	13275.0	15000.0
88.9	20.2	-8811.52	14.47	13.49	13.15	78.53	40.19	166251	1726.0	13274.0	15000.0
88.9	20.2	-8811.52	14.47	13.49	13.15	78.53	40.19	166252	1727.0	13273.0	15000.0
88.9	20.2	-8811.52	14.52	13.62	13.59	73.87	40.19	166253	1728.0	13272.0	15000.0
88.9	20.2	-8811.52	14.52	13.62	13.59	73.87	40.21	166254	1729.0	13271.0	15000.0
88.9	20.2	-8806.82	14.54	13.67	12.71	73.5	40.23	166255	1730.0	13270.0	15000.0
88.9	20.2	-8806.82	14.54	13.67	12.71	73.5	40.22	166256	1731.0	13269.0	15000.0
88.9	20.2	-8814.08	14.57	13.51	11.37	75.98	40.22	166257	1732.0	13268.0	15000.0
88.9	20.2	-8814.08	14.57	13.51	11.37	75.98	40.23	166258	1733.0	13267.0	15000.0
89.4	20.2	-8805.97	14.54	13.58	14.24	74.54	40.24	166259	1734.0	13266.0	15000.0
89.4	20.2	-8805.97	14.54	13.58	14.24	74.54	40.24	166260	1735.0	13265.0	15000.0
89.4	20.2	-8805.97	14.54	13.58	14.24	74.54	40.24	166261	1736.0	13264.0	15000.0
89.4	20.2	-8805.97	14.54	13.58	14.24	74.54	40.25	166262	1737.0	13263.0	15000.0
89.4	20.2	-8809.81	14.5	13.52	12.39	78.08	40.27	166263	1738.0	13262.0	15000.0
89.4	20.2	-8809.81	14.5	13.52	12.39	78.08	40.27	166264	1739.0	13261.0	15000.0
89.4	20.2	-8811.95	14.58	13.56	13.56	74.76	40.27	166265	1740.0	13260.0	15000.0
89.4	20.2	-8811.95	14.58	13.56	13.56	74.76	40.29	166266	1741.0	13259.0	15000.0
89.4	20.2	-8806.39	14.58	13.62	13.31	73.49	40.3	166267	1742.0	13258.0	15000.0
89.4	20.2	-8806.39	14.58	13.62	13.31	73.49	40.3	166268	1743.0	13257.0	15000.0
89.9	20.3	-8814.08	14.58	13.58	11.6	74.83	40.3	166269	1744.0	13256.0	15000.0
89.9	20.3	-8814.08	14.58	13.58	11.6	74.83	40.31	166270	1745.0	13255.0	15000.0
89.9	20.3	-8813.66	14.45	13.55	15.78	77.04	40.32	166271	1746.0	13254.0	15000.0
89.9	20.3	-8813.66	14.45	13.55	15.78	77.04	40.32	166272	1747.0	13253.0	15000.0
89.9	20.3	-8808.96	14.53	13.5	13.84	76.89	40.33	166273	1748.0	13252.0	15000.0
89.9	20.3	-8808.96	14.53	13.5	13.84	76.89	40.34	166274	1749.0	13251.0	15000.0
89.9	20.3	-8808.96	14.55	13.5	11.76	77.38	40.35	166275	1750.0	13250.0	15000.0
89.9	20.3	-8808.96	14.55	13.5	11.76	77.38	40.36	166276	1751.0	13249.0	15000.0
89.9	20.3	-8811.52	14.48	13.63	15.11	73.99	40.36	166277	1752.0	13248.0	15000.0
89.9	20.3	-8811.52	14.48	13.63	15.11	73.99	40.36	166278	1753.0	13247.0	15000.0
90.5	20.3	-8806.39	14.47	13.61	14.63	75.21	40.37	166279	1754.0	13246.0	15000.0
90.5	20.3	-8806.39	14.47	13.61	14.63	75.21	40.37	166280	1755.0	13245.0	15000.0
90.5	20.3	-8806.39	14.57	13.53	12.17	76.03	40.38	166281	1756.0	13244.0	15000.0
90.5	20.3	-8806.39	14.57	13.53	12.17	76.03	40.38	166282	1757.0	13243.0	15000.0
90.5	20.3	-8806.82	14.55	13.52	14.04	76.16	40.39	166283	1758.0	13242.0	15000.0
90.5	20.3	-8806.82	14.55	13.52	14.04	76.16	40.39	166284	1759.0	13241.0	15000.0
90.5	20.3	-8806.82	14.55	13.52	14.04	76.16	40.39	166285	1760.0	13240.0	15000.0
90.5	20.3	-8806.82	14.55	13.52	14.04	76.16	40.4	166286	1761.0	13239.0	15000.0
90.5	20.3	-8815.79	14.55	13.63	11.33	74.73	40.41	166287	1762.0	13238.0	15000.0
90.5	20.3	-8815.79	14.55	13.63	11.33	74.73	40.41	166288	1763.0	13237.0	15000.0
91.0	20.2	-8810.24	14.5	13.62	16.32	73.34	40.42	166289	1764.0	13236.0	15000.0
91.0	20.2	-8810.24	14.5	13.62	16.32	73.34	40.43	166290	1765.0	13235.0	15000.0
91.0	20.2	-8808.53	14.52	13.55	11.78	76.14	40.44	166291	1766.0	13234.0	15000.0
91.0	20.2	-8808.53	14.52	13.55	11.78	76.14	40.45	166292	1767.0	13233.0	15000.0
91.0	20.2	-8814.51	14.51	13.52	13.66	77.12	40.45	166293	1768.0	13232.0	15000.0
91.0	20.2	-8814.51	14.51	13.52	13.66	77.12	40.45	166294	1769.0	13231.0	15000.0
91.0	20.2	-8808.53	14.58	13.61	11.51	74.61	40.45	166295	1770.0	13230.0	15000.0
91.0	20.2	-8808.53	14.58	13.61	11.51	74.61	40.45	166296	1771.0	13229.0	15000.0
91.0	20.2	-8814.51	14.49	13.71	16.4	72.7	40.46	166297	1772.0	13228.0	15000.0
91.0	20.2	-8814.51	14.49	13.71	16.4	72.7	40.47	166298	1773.0	13227.0	15000.0
91.5	20.3	-8811.52	14.5	13.54	12.4	77.4	40.48	166299	1774.0	13226.0	15000.0
91.5	20.3	-8811.52	14.5	13.54	12.4	77.4	40.49	166300	1775.0	13225.0	15000.0
91.5	20.3	-8814.51	14.53	13.53	13.45	76.85	40.49	166301	1776.0	13224.0	15000.0
91.5	20.3	-8814.51	14.53	13.53	13.45	76.85	40.49	166302	1777.0	13223.0	15000.0
91.5	20.3	-8806.39	14.61	13.62	11.3	74.16	40.49	166303	1778.0	13222.0	15000.0
91.5	20.3	-8806.39	14.61	13.62	11.3	74.16	40.5	166304	1779.0	13221.0	15000.0
91.5	20.3	-8812.38	14.52	13.6	16.6	73.49	40.51	166305	1780.0	13220.0	15000.0
91.5	20.3	-8812.38	14.52	13.6	16.6	73.49	40.51	166306	1781.0	13219.0	15000.0
91.5	20.3	-8810.67	14.48	13.51	12.76	78.45	40.52	166307	1782.0	13218.0	15000.0
91.5	20.3	-8810.67	14.48	13.51	12.76	78.45	40.54	166308	1783.0	13217.0	15000.0
92.0	20.2	-8811.52	14.55	13.58	11.69	75.04	40.55	166309	1784.0	13216.0	15000.0
92.0	20.2	-8811.52	14.55	13.58	11.69	75.04	40.55	166310	1785.0	13215.0	15000.0
92.0	20.2	-8811.52	14.55	13.58	11.69	75.04	40.55	166311	1786.0	13214.0	15000.0
92.0	20.2	-8811.52	14.55	13.58	11.69	75.04	40.55	166312	1787.0	13213.0	15000.0
92.0	20.2	-8811.09	14.56	13.61	13.19	72.7	40.55	166313	1788.0	13212.0	15000.0
92.0	20.2	-8811.09	14.56	13.61	13.19	72.7	40.55	166314	1789.0	13211.0	15000.0
92.0	20.2	-8808.1	14.53	13.57	13.62	76.47	40.55	166315	1790.0	13210.0	15000.0
92.0	20.2	-8808.1	14.53	13.57	13.62	76.47	40.55	166316	1791.0	13209.0	15000.0
92.0	20.2	-8810.24	14.52	13.53	11.13	75.23	40.56	166317	1792.0	13208.0	15000.0
92.0	20.2	-8810.24	14.52	13.53	11.13	75.23	40.56	166318	1793.0	13207.0	15000.0
92.6	20.2	-8810.24	14.52	13.53	11.13	75.23	40.56	166319	1794.0	13206.0	15000.0
92.6	20.2	-8810.24	14.52	13.53	11.13	75.23	40.58	166320	1795.0	13205.0	15000.0
92.6	20.2	-8810.24	14.54	13.63	12.33	71.89	40.59	166321	1796.0	13204.0	15000.0
92.6	20.2	-8810.24	14.54	13.63	12.33	71.89	40.59	166322	1797.0	13203.0	15000.0
92.6	20.2	-8812.38	14.5	13.57	13.98	76.43	40.59	166323	1798.0	13202.0	15000.0
92.6	20.2	-8812.38	14.5	13.57	13.98	76.43	40.59	166324	1799.0	13201.0	15000.0
92.6	20.2	-8806.39	14.56	13.53	11.78	76.54	40.6	166325	1800.0	13200.0	15000.0
92.6	20.2	-8806.39	14.56	13.53	11.78	76.54	40.61	166326	1801.0	13199.0	15000.0
92.6	20.2	-8807.68	14.56	13.6	13.94	73.94	40.62	166327	1802.0	13198.0	15000.0
92.6	20.2	-8807.68	14.56	13.6	13.94	73.94	40.62	166328	1803.0	13197.0	15000.0
93.1	20.2	-8806.39	14.54	13.5	12.08	77.4	40.62	166329	1804.0	13196.0	15000.0
93.1	20.2	-8806.39	14.54	13.5	12.08	77.4	40.63	166330	1805.0	13195.0	15000.0
93.1	20.2	-8808.96	14.54	13.62	12.01	73.81	40.64	166331	1806.0	13194.0	15000.0
93.1	20.2	-8808.96	14.54	13.62	12.01	73.81	40.65	166332	1807.0	13193.0	15000.0
93.1	20.2	-8812.8	14.49	13.6	15.53	76.31	40.65	166333	1808.0	13192.0	15000.0
93.1	20.2	-8812.8	14.49	13.6	15.53	76.31	40.65	166334	1809.0	13191.0	15000.0
93.1	20.2	-8810.24	14.52	13.56	12.39	75.9	40.65	166335	1810.0	13190.0	15000.0
93.1	20.2	-8810.24	14.52	13.56	12.39	75.9	40.65	166336	1811.0	13189.0	15000.0
93.1	20.2	-8807.68	14.54	13.56	13.71	76.01	40.66	166337	1812.0	13188.0	15000.0
93.1	20.2	-8807.68	14.54	13.56	13.71	76.01	40.66	166338	1813.0	13187.0	15000.0
93.6	20.2	-8810.67	14.55	13.6	11.81	75.29	40.67	166339	1814.0	13186.0	15000.0
93.6	20.2	-8810.67	14.55	13.6	11.81	75.29	40.67	166340	1815.0	13185.0	15000.0
93.6	20.2	-8811.52	14.49	13.64	13.89	74.34	40.68	166341	1816.0	13184.0	15000.0
93.6	20.2	-8811.52	14.49	13.64	13.89	74.34	40.68	166342	1817.0	13183.0	15000.0
93.6	20.2	-8810.24	14.48	13.66	13.35	74.62	40.68	166343	1818.0	13182.0	15000.0
93.6	20.2	-8810.24	14.48	13.66	13.35	74.62	40.68	166344	1819.0	13181.0	15000.0
93.6	20.2	-8814.08	14.53	13.57	11.92	74.85	40.69	166345	1820.0	13180.0	15000.0
93.6	20.2	-8814.08	14.53	13.57	11.92	74.85	40.69	166346	1821.0	13179.0	15000.0
93.6	20.2	-8810.24	14.48	13.62	13.32	75.04	40.7	166347	1822.0	13178.0	15000.0
93.6	20.2	-8810.24	14.48	13.62	13.32	75.04	40.71	166348	1823.0	13177.0	15000.0
93.8	20.4	-8810.67	14.59	13.63	11.54	74.49	40.71	166349	1824.0	13176.0	15000.0
93.8	20.4	-8810.67	14.59	13.63	11.54	74.49	40.71	166350	1825.0	13175.0	15000.0
93.8	20.4	-8808.53	14.53	13.65	14.42	74.73	40.71	166351	1826.0	13174.0	15000.0
93.8	20.4	-8808.53	14.53	13.65	14.42	74.73	40.71	166352	1827.0	13173.0	15000.0
93.8	20.4	-8808.1	14.47	13.53	13.29	78.2	40.72	166353	1828.0	13172.0	15000.0
93.8	20.4	-8808.1	14.47	13.53	13.29	78.2	40.72	166354	1829.0	13171.0	15000.0
93.8	20.4	-8808.1	14.47	13.53	13.29	78.2	40.72	166355	1830.0	13170.0	15000.0
93.8	20.4	-8808.1	14.47	13.53	13.29	78.2	40.72	166356	1831.0	13169.0	15000.0
93.8	20.4	-8804.26	14.58	13.55	11.84	77.0	40.73	166357	1832.0	13168.0	15000.0
93.8	20.4	-8804.26	14.58	13.55	11.84	77.0	40.74	166358	1833.0	13167.0	15000.0
94.4	20.3	-8808.1	14.51	13.61	13.62	74.42	40.75	166359	1834.0	13166.0	15000.0
94.4	20.3	-8808.1	14.51	13.61	13.62	74.42	40.74	166360	1835.0	13165.0	15000.0
94.4	20.3	-8810.67	14.58	13.52	11.06	76.46	40.74	166361	1836.0	13164.0	15000.0
94.4	20.3	-8810.67	14.58	13.52	11.06	76.46	40.74	166362	1837.0	13163.0	15000.0
94.4	20.3	-8811.95	14.52	13.66	14.76	73.79	40.75	166363	1838.0	13162.0	15000.0
94.4	20.3	-8811.95	14.52	13.66	14.76	73.79	40.75	166364	1839.0	13161.0	15000.0
94.4	20.3	-8808.96	14.53	13.59	12.53	75.92	40.76	166365	1840.0	13160.0	15000.0
94.4	20.3	-8808.96	14.53	13.59	12.53	75.92	40.76	166366	1841.0	13159.0	15000.0
94.4	20.3	-8810.67	14.55	13.6	13.4	74.29	40.77	166367	1842.0	13158.0	15000.0
94.4	20.3	-8810.67	14.55	13.6	13.4	74.29	40.77	166368	1843.0	13157.0	15000.0
94.8	20.3	-8812.8	14.56	13.54	11.64	76.7	40.77	166369	1844.0	13156.0	15000.0
94.8	20.3	-8812.8	14.56	13.54	11.64	76.7	40.78	166370	1845.0	13155.0	15000.0
94.8	20.3	-8809.81	14.48	13.65	14.76	74.47	40.79	166371	1846.0	13154.0	15000.0
94.8	20.3	-8809.81	14.48	13.65	14.76	74.47	40.79	166372	1847.0	13153.0	15000.0
94.8	20.3	-8810.67	14.47	13.66	13.65	74.69	40.79	166373	1848.0	13152.0	15000.0
94.8	20.3	-8810.67	14.47	13.66	13.65	74.69	40.8	166374	1849.0	13151.0	15000.0
94.8	20.3	-8809.39	14.51	13.55	13.51	76.2	40.81	166375	1850.0	13150.0	15000.0
94.8	20.3	-8809.39	14.51	13.55	13.51	76.2	40.82	166376	1851.0	13149.0	15000.0
94.8	20.3	-8809.39	14.5	13.6	12.31	75.34	40.82	166377	1852.0	13148.0	15000.0
94.8	20.3	-8809.39	14.5	13.6	12.31	75.34	40.82	166378	1853.0	13147.0	15000.0
95.3	20.3	-8812.38	14.54	13.67	12.23	74.52	40.82	166379	1854.0	13146.0	15000.0
95.3	20.3	-8812.38	14.54	13.67	12.23	74.52	40.82	166380	1855.0	13145.0	15000.0
95.3	20.3	-8809.39	14.45	13.62	15.45	75.04	40.82	166381	1856.0	13144.0	15000.0
95.3	20.3	-8809.39	14.45	13.62	15.45	75.04	40.83	166382	1857.0	13143.0	15000.0
95.3	20.3	-8808.96	14.53	13.63	10.03	74.85	40.84	166383	1858.0	13142.0	15000.0
95.3	20.3	-8808.96	14.53	13.63	10.03	74.85	40.83	166384	1859.0	13141.0	15000.0
95.3	20.3	-8808.96	14.5	13.63	14.64	74.49	40.83	166385	1860.0	13140.0	15000.0
95.3	20.3	-8808.96	14.5	13.63	14.64	74.49	40.84	166386	1861.0	13139.0	15000.0
95.3	20.3	-8811.09	14.55	13.63	11.27	74.59	40.85	166387	1862.0	13138.0	15000.0
95.3	20.3	-8811.09	14.55	13.63	11.27	74.59	40.85	166388	1863.0	13137.0	15000.0
95.7	20.2	-8812.8	14.47	13.7	15.9	72.43	40.85	166389	1864.0	13136.0	15000.0
95.7	20.2	-8812.8	14.47	13.7	15.9	72.43	40.86	166390	1865.0	13135.0	15000.0
95.7	20.2	-8805.97	14.53	13.53	11.96	76.61	40.86	166391	1866.0	13134.0	15000.0
95.7	20.2	-8805.97	14.53	13.53	11.96	76.61	40.86	166392	1867.0	13133.0	15000.0
95.7	20.2	-8809.39	14.5	13.65	13.34	74.43	40.86	166393	1868.0	13132.0	15000.0
95.7	20.2	-8809.39	14.5	13.65	13.34	74.43	40.86	166394	1869.0	13131.0	15000.0
95.7	20.2	-8809.39	14.5	13.65	13.34	74.43	40.86	166395	1870.0	13130.0	15000.0
95.7	20.2	-8809.39	14.5	13.65	13.34	74.43	40.87	166396	1871.0	13129.0	15000.0
95.7	20.2	-8808.1	14.53	13.65	12.67	73.42	40.88	166397	1872.0	13128.0	15000.0
95.7	20.2	-8808.1	14.53	13.65	12.67	73.42	40.87	166398	1873.0	13127.0	15000.0
96.2	20.2	-8805.11	14.57	13.54	11.04	76.45	40.87	166399	1874.0	13126.0	15000.0
96.2	20.2	-8805.11	14.57	13.54	11.04	76.45	40.87	166400	1875.0	13125.0	15000.0
96.2	20.2	-8811.09	14.49	13.61	14.42	73.82	40.88	166401	1876.0	13124.0	15000.0
96.2	20.2	-8811.09	14.49	13.61	14.42	73.82	40.89	166402	1877.0	13123.0	15000.0
96.2	20.2	-8808.1	14.47	13.59	13.22	77.37	40.9	166403	1878.0	13122.0	15000.0
96.2	20.2	-8808.1	14.47	13.59	13.22	77.37	40.9	166404	1879.0	13121.0	15000.0
96.2	20.2	-8813.66	14.55	13.64	12.26	75.15	40.9	166405	1880.0	13120.0	15000.0
96.2	20.2	-8813.66	14.55	13.64	12.26	75.15	40.9	166406	1881.0	13119.0	15000.0
96.2	20.2	-8805.97	14.54	13.5	12.43	77.83	40.91	166407	1882.0	13118.0	15000.0
96.2	20.2	-8805.97	14.54	13.5	12.43	77.83	40.91	166408	1883.0	13117.0	15000.0
96.6	20.2	-8810.24	14.56	13.67	11.73	73.54	40.91	166409	1884.0	13116.0	15000.0
96.6	20.2	-8810.24	14.56	13.67	11.73	73.54	40.92	166410	1885.0	13115.0	15000.0
96.6	20.2	-8812.38	14.41	13.63	15.21	76.99	40.93	166411	1886.0	13114.0	15000.0
96.6	20.2	-8812.38	14.41	13.63	15.21	76.99	40.92	166412	1887.0	13113.0	15000.0
96.6	20.2	-8810.24	14.49	13.65	11.86	74.25	40.92	166413	1888.0	13112.0	15000.0
96.6	20.2	-8810.24	14.49	13.65	11.86	74.25	40.93	166414	1889.0	13111.0	15000.0
96.6	20.2	-8810.24	14.47	13.69	13.49	73.49	40.94	166415	1890.0	13110.0	15000.0
96.6	20.2	-8810.24	14.47	13.69	13.49	73.49	40.94	166416	1891.0	13109.0	15000.0
96.6	20.2	-8811.52	14.51	13.63	11.76	75.4	40.94	166417	1892.0	13108.0	15000.0
96.6	20.2	-8811.52	14.51	13.63	11.76	75.4	40.94	166418	1893.0	13107.0	15000.0
97.1	20.3	-8806.82	14.52	13.65	12.51	73.73	40.94	166419	1894.0	13106.0	15000.0
97.1	20.3	-8806.82	14.52	13.65	12.51	73.73	40.94	166420	1895.0	13105.0	15000.0
97.1	20.3	-8811.95	14.48	13.67	12.95	75.08	40.94	166421	1896.0	13104.0	15000.0
97.1	20.3	-8811.95	14.48	13.67	12.95	75.08	40.94	166422	1897.0	13103.0	15000.0
97.1	20.3	-8807.68	14.55	13.6	10.94	75.13	40.95	166423	1898.0	13102.0	15000.0
97.1	20.3	-8807.68	14.55	13.6	10.94	75.13	40.96	166424	1899.0	13101.0	15000.0
97.1	20.3	-8809.81	14.52	13.63	13.04	75.24	40.97	166425	1900.0	13100.0	15000.0
97.1	20.3	-8809.81	14.52	13.63	13.04	75.24	40.97	166426	1901.0	13099.0	15000.0
97.1	20.3	-8809.81	14.51	13.65	12.21	75.31	40.96	166427	1902.0	13098.0	15000.0
97.1	20.3	-8809.81	14.51	13.65	12.21	75.31	40.97	166428	1903.0	13097.0	15000.0
97.5	20.3	-8812.8	14.49	13.64	12.81	72.5	40.98	166429	1904.0	13096.0	15000.0
97.5	20.3	-8812.8	14.49	13.64	12.81	72.5	40.97	166430	1905.0	13095.0	15000.0
97.5	20.3	-8813.66	14.5	13.64	11.6	75.79	40.97	166431	1906.0	13094.0	15000.0
97.5	20.3	-8813.66	14.5	13.64	11.6	75.79	40.98	166432	1907.0	13093.0	15000.0
97.5	20.3	-8808.1	14.5	13.57	12.56	76.25	40.99	166433	1908.0	13092.0	15000.0
97.5	20.3	-8808.1	14.5	13.57	12.56	76.25	40.99	166434	1909.0	13091.0	15000.0
97.5	20.3	-8808.1	14.5	13.57	12.56	76.25	40.99	166435	1910.0	13090.0	15000.0
97.5	20.3	-8808.1	14.5	13.57	12.56	76.25	40.99	166436	1911.0	13089.0	15000.0
97.5	20.3	-8808.1	14.56	13.71	11.61	74.13	40.99	166437	1912.0	13088.0	15000.0
97.5	20.3	-8808.1	14.56	13.71	11.61	74.13	40.99	166438	1913.0	13087.0	15000.0
97.9	20.3	-8811.09	14.54	13.6	12.45	76.23	41.0	166439	1914.0	13086.0	15000.0
97.9	20.3	-8811.09	14.54	13.6	12.45	76.23	41.01	166440	1915.0	13085.0	15000.0
97.9	20.3	-8810.24	14.54	13.64	10.68	74.69	41.01	166441	1916.0	13084.0	15000.0
97.9	20.3	-8810.24	14.54	13.64	10.68	74.69	41.01	166442	1917.0	13083.0	15000.0
97.9	20.3	-8805.11	14.51	13.69	13.26	73.63	41.0	166443	1918.0	13082.0	15000.0
97.9	20.3	-8805.11	14.51	13.69	13.26	73.63	41.01	166444	1919.0	13081.0	15000.0
97.9	20.3	-8812.8	14.51	13.65	11.95	74.82	41.03	166445	1920.0	13080.0	15000.0
97.9	20.3	-8812.8	14.51	13.65	11.95	74.82	41.02	166446	1921.0	13079.0	15000.0
97.9	20.3	-8809.39	14.55	13.68	12.63	71.61	41.02	166447	1922.0	13078.0	15000.0
97.9	20.3	-8809.39	14.55	13.68	12.63	71.61	41.03	166448	1923.0	13077.0	15000.0
98.1	20.2	-8810.67	14.49	13.58	12.84	77.7	41.03	166449	1924.0	13076.0	15000.0
98.1	20.2	-8810.67	14.49	13.58	12.84	77.7	41.03	166450	1925.0	13075.0	15000.0
98.1	20.2	-8811.95	14.48	13.66	13.4	73.97	41.03	166451	1926.0	13074.0	15000.0
98.1	20.2	-8811.95	14.48	13.66	13.4	73.97	41.04	166452	1927.0	13073.0	15000.0
98.1	20.2	-8808.53	14.48	13.68	13.61	73.44	41.04	166453	1928.0	13072.0	15000.0
98.1	20.2	-8808.53	14.48	13.68	13.61	73.44	41.04	166454	1929.0	13071.0	15000.0
98.1	20.2	-8810.24	14.52	13.53	11.92	77.08	41.04	166455	1930.0	13070.0	15000.0
98.1	20.2	-8810.24	14.52	13.53	11.92	77.08	41.04	166456	1931.0	13069.0	15000.0
98.1	20.2	-8811.09	14.49	13.66	12.86	74.02	41.04	166457	1932.0	13068.0	15000.0
98.1	20.2	-8811.09	14.49	13.66	12.86	74.02	41.05	166458	1933.0	13067.0	15000.0
98.5	20.3	-8806.82	14.43	13.63	15.02	76.86	41.06	166459	1934.0	13066.0	15000.0
98.5	20.3	-8806.82	14.43	13.63	15.02	76.86	41.06	166460	1935.0	13065.0	15000.0
98.5	20.3	-8810.67	14.56	13.6	12.51	75.51	41.05	166461	1936.0	13064.0	15000.0
98.5	20.3	-8810.67	14.56	13.6	12.51	75.51	41.05	166462	1937.0	13063.0	15000.0
98.5	20.3	-8812.8	14.48	13.6	12.77	76.56	41.05	166463	1938.0	13062.0	15000.0
98.5	20.3	-8812.8	14.48	13.6	12.77	76.56	41.05	166464	1939.0	13061.0	15000.0
98.5	20.3	-8808.96	14.54	13.59	11.16	75.78	41.06	166465	1940.0	13060.0	15000.0
98.5	20.3	-8808.96	14.54	13.59	11.16	75.78	41.06	166466	1941.0	13059.0	15000.0
98.5	20.3	-8805.97	14.44	13.71	16.05	72.83	41.07	166467	1942.0	13058.0	15000.0
98.5	20.3	-8805.97	14.44	13.71	16.05	72.83	41.07	166468	1943.0	13057.0	15000.0
98.9	20.3	-8808.96	14.49	13.64	11.53	76.31	41.08	166469	1944.0	13056.0	15000.0
98.9	20.3	-8808.96	14.49	13.64	11.53	76.31	41.08	166470	1945.0	13055.0	15000.0
98.9	20.3	-8813.23	14.57	13.6	13.25	75.13	41.09	166471	1946.0	13054.0	15000.0
98.9	20.3	-8813.23	14.57	13.6	13.25	75.13	41.09	166472	1947.0	13053.0	15000.0
98.9	20.3	-8812.38	14.56	13.62	11.32	75.78	41.08	166473	1948.0	13052.0	15000.0
98.9	20.3	-8812.38	14.56	13.62	11.32	75.78	41.08	166474	1949.0	13051.0	15000.0
98.9	20.3	-8808.1	14.43	13.73	15.72	73.1	41.08	166475	1950.0	13050.0	15000.0
98.9	20.3	-8808.1	14.43	13.73	15.72	73.1	41.08	166476	1951.0	13049.0	15000.0
98.9	20.3	-8808.1	14.43	13.73	15.72	73.1	41.08	166477	1952.0	13048.0	15000.0
98.9	20.3	-8808.1	14.43	13.73	15.72	73.1	41.08	166478	1953.0	13047.0	15000.0
99.2	20.2	-8805.54	14.51	13.66	12.56	75.82	41.08	166479	1954.0	13046.0	15000.0
99.2	20.2	-8805.54	14.51	13.66	12.56	75.82	41.09	166480	1955.0	13045.0	15000.0
99.2	20.2	-8812.8	14.49	13.6	11.27	75.58	41.1	166481	1956.0	13044.0	15000.0
99.2	20.2	-8812.8	14.49	13.6	11.27	75.58	41.1	166482	1957.0	13043.0	15000.0
99.2	20.2	-8808.53	14.47	13.67	12.98	74.83	41.09	166483	1958.0	13042.0	15000.0
99.2	20.2	-8808.53	14.47	13.67	12.98	74.83	41.1	166484	1959.0	13041.0	15000.0
99.2	20.2	-8810.24	14.52	13.72	11.14	74.08	41.11	166485	1960.0	13040.0	15000.0
99.2	20.2	-8810.24	14.52	13.72	11.14	74.08	41.11	166486	1961.0	13039.0	15000.0
99.2	20.2	-8810.67	14.45	13.67	15.89	73.35	41.1	166487	1962.0	13038.0	15000.0
99.2	20.2	-8810.67	14.45	13.67	15.89	73.35	41.11	166488	1963.0	13037.0	15000.0
99.6	20.2	-8810.67	14.47	13.58	12.54	77.67	41.12	166489	1964.0	13036.0	15000.0
99.6	20.2	-8810.67	14.47	13.58	12.54	77.67	41.11	166490	1965.0	13035.0	15000.0
99.6	20.2	-8807.68	14.48	13.66	13.95	74.47	41.11	166491	1966.0	13034.0	15000.0
99.6	20.2	-8807.68	14.48	13.66	13.95	74.47	41.13	166492	1967.0	13033.0	15000.0
99.6	20.2	-8808.53	14.54	13.65	11.75	75.07	41.14	166493	1968.0	13032.0	15000.0
99.6	20.2	-8808.53	14.54	13.65	11.75	75.07	41.13	166494	1969.0	13031.0	15000.0
99.6	20.2	-8806.82	14.48	13.71	12.64	71.65	41.13	166495	1970.0	13030.0	15000.0
99.6	20.2	-8806.82	14.48	13.71	12.64	71.65	41.13	166496	1971.0	13029.0	15000.0
99.6	20.2	-8811.09	14.47	13.68	13.43	75.81	41.13	166497	1972.0	13028.0	15000.0
99.6	20.2	-8811.09	14.47	13.68	13.43	75.81	41.13	166498	1973.0	13027.0	15000.0
99.9	20.2	-8812.38	14.51	13.65	12.23	75.01	41.13	166499	1974.0	13026.0	15000.0
99.9	20.2	-8812.38	14.51	13.65	12.23	75.01	41.13	166500	1975.0	13025.0	15000.0
99.9	20.2	-8808.53	14.52	13.61	10.18	75.84	41.13	166501	1976.0	13024.0	15000.0
99.9	20.2	-8808.53	14.52	13.61	10.18	75.84	41.13	166502	1977.0	13023.0	15000.0
99.9	20.2	-8811.95	14.47	13.68	14.37	74.13	41.14	166503	1978.0	13022.0	15000.0
99.9	20.2	-8811.95	14.47	13.68	14.37	74.13	41.15	166504	1979.0	13021.0	15000.0
99.9	20.2	-8815.79	14.5	13.66	12.1	74.43	41.16	166505	1980.0	13020.0	15000.0
99.9	20.2	-8815.79	14.5	13.66	12.1	74.43	41.17	166506	1981.0	13019.0	15000.0
99.9	20.2	-8808.1	14.52	13.66	13.21	73.86	41.17	166507	1982.0	13018.0	15000.0
99.9	20.2	-8808.1	14.52	13.66	13.21	73.86	41.16	166508	1983.0	13017.0	15000.0
100.2	20.2	-8811.09	14.51	13.58	10.82	76.28	41.16	166509	1984.0	13016.0	15000.0
100.2	20.2	-8811.09	14.51	13.58	10.82	76.28	41.17	166510	1985.0	13015.0	15000.0
100.2	20.2	-8810.67	14.46	13.69	14.87	74.0	41.17	166511	1986.0	13014.0	15000.0
100.2	20.2	-8810.67	14.46	13.69	14.87	74.0	41.17	166512	1987.0	13013.0	15000.0
100.2	20.2	-8810.67	14.46	13.69	14.87	74.0	41.17	166513	1988.0	13012.0	15000.0
100.2	20.2	-8810.67	14.46	13.69	14.87	74.0	41.17	166514	1989.0	13011.0	15000.0
100.2	20.2	-8807.68	14.45	13.72	13.43	74.74	41.17	166515	1990.0	13010.0	15000.0
100.2	20.2	-8807.68	14.45	13.72	13.43	74.74	41.17	166516	1991.0	13009.0	15000.0
100.2	20.2	-8804.69	14.55	13.62	11.64	75.65	41.18	166517	1992.0	13008.0	15000.0
100.2	20.2	-8804.69	14.55	13.62	11.64	75.65	41.18	166518	1993.0	13007.0	15000.0
100.6	20.2	-8809.81	14.47	13.66	13.4	75.54	41.18	166519	1994.0	13006.0	15000.0
100.6	20.2	-8809.81	14.47	13.66	13.4	75.54	41.19	166520	1995.0	13005.0	15000.0
100.6	20.2	-8810.67	14.51	13.63	11.2	75.6	41.19	166521	1996.0	13004.0	15000.0
100.6	20.2	-8810.67	14.51	13.63	11.2	75.6	41.18	166522	1997.0	13003.0	15000.0
100.6	20.2	-8808.53	14.41	13.7	15.43	74.33	41.18	166523	1998.0	13002.0	15000.0
100.6	20.2	-8808.53	14.41	13.7	15.43	74.33	41.18	166524	1999.0	13001.0	15000.0
100.6	20.2	-8812.38	14.49	13.65	11.76	75.67	41.19	166525	2000.0	13000.0	15000.0
100.6	20.2	-8812.38	14.49	13.65	11.76	75.67	41.2	166526	2001.0	12999.0	15000.0
100.6	20.2	-8811.09	14.51	13.58	13.48	75.8	41.21	166527	2002.0	12998.0	15000.0
100.6	20.2	-8811.09	14.51	13.58	13.48	75.8	41.21	166528	2003.0	12997.0	15000.0
100.9	20.3	-8811.09	14.5	13.7	11.62	75.21	41.21	166529	2004.0	12996.0	15000.0
100.9	20.3	-8811.09	14.5	13.7	11.62	75.21	41.21	166530	2005.0	12995.0	15000.0
100.9	20.3	-8812.38	14.49	13.67	12.57	73.97	41.21	166531	2006.0	12994.0	15000.0
100.9	20.3	-8812.38	14.49	13.67	12.57	73.97	41.21	166532	2007.0	12993.0	15000.0
100.9	20.3	-8812.8	14.46	13.67	13.0	75.08	41.21	166533	2008.0	12992.0	15000.0
100.9	20.3	-8812.8	14.46	13.67	13.0	75.08	41.21	166534	2009.0	12991.0	15000.0
100.9	20.3	-8808.53	14.5	13.69	12.81	74.07	41.21	166535	2010.0	12990.0	15000.0
100.9	20.3	-8808.53	14.5	13.69	12.81	74.07	41.21	166536	2011.0	12989.0	15000.0
100.9	20.3	-8808.96	14.52	13.59	13.58	75.78	41.21	166537	2012.0	12988.0	15000.0
100.9	20.3	-8808.96	14.52	13.59	13.58	75.78	41.21	166538	2013.0	12987.0	15000.0
101.2	20.2	-8811.09	14.55	13.68	11.63	74.32	41.22	166539	2014.0	12986.0	15000.0
101.2	20.2	-8811.09	14.55	13.68	11.63	74.32	41.23	166540	2015.0	12985.0	15000.0
101.2	20.2	-8811.52	14.44	13.67	15.41	74.89	41.24	166541	2016.0	12984.0	15000.0
101.2	20.2	-8811.52	14.44	13.67	15.41	74.89	41.23	166542	2017.0	12983.0	15000.0
101.2	20.2	-8811.09	14.51	13.65	12.19	75.29	41.23	166543	2018.0	12982.0	15000.0
101.2	20.2	-8811.09	14.51	13.65	12.19	75.29	41.24	166544	2019.0	12981.0	15000.0
101.2	20.2	-8812.38	14.47	13.69	11.83	75.65	41.25	166545	2020.0	12980.0	15000.0
101.2	20.2	-8812.38	14.47	13.69	11.83	75.65	41.26	166546	2021.0	12979.0	15000.0
101.2	20.2	-8811.95	14.53	13.7	12.0	73.44	41.26	166547	2022.0	12978.0	15000.0
101.2	20.2	-8811.95	14.53	13.7	12.0	73.44	41.25	166548	2023.0	12977.0	15000.0
101.6	20.2	-8808.1	14.43	13.72	13.14	75.84	41.24	166549	2024.0	12976.0	15000.0
101.6	20.2	-8808.1	14.43	13.72	13.14	75.84	41.25	166550	2025.0	12975.0	15000.0
101.6	20.2	-8809.39	14.5	13.63	10.53	75.14	41.25	166551	2026.0	12974.0	15000.0
101.6	20.2	-8809.39	14.5	13.63	10.53	75.14	41.25	166552	2027.0	12973.0	15000.0
101.6	20.2	-8811.52	14.45	13.73	13.86	74.14	41.25	166553	2028.0	12972.0	15000.0
101.6	20.2	-8811.52	14.45	13.73	13.86	74.14	41.25	166554	2029.0	12971.0	15000.0
101.6	20.2	-8811.52	14.45	13.73	13.86	74.14	41.25	166555	2030.0	12970.0	15000.0
101.6	20.2	-8811.52	14.45	13.73	13.86	74.14	41.25	166556	2031.0	12969.0	15000.0
101.6	20.2	-8812.38	14.5	13.7	11.0	74.58	41.26	166557	2032.0	12968.0	15000.0
101.6	20.2	-8812.38	14.5	13.7	11.0	74.58	41.26	166558	2033.0	12967.0	15000.0
101.9	20.3	-8808.53	14.5	13.64	11.52	76.49	41.26	166559	2034.0	12966.0	15000.0
101.9	20.3	-8808.53	14.5	13.64	11.52	76.49	41.26	166560	2035.0	12965.0	15000.0
101.9	20.3	-8808.53	14.5	13.64	11.52	76.49	41.26	166561	2036.0	12964.0	15000.0
101.9	20.3	-8808.53	14.5	13.64	11.52	76.49	41.27	166562	2037.0	12963.0	15000.0
101.9	20.3	-8810.67	14.49	13.7	12.04	74.24	41.28	166563	2038.0	12962.0	15000.0
101.9	20.3	-8810.67	14.49	13.7	12.04	74.24	41.27	166564	2039.0	12961.0	15000.0
101.9	20.3	-8811.09	14.45	13.74	16.43	72.08	41.27	166565	2040.0	12960.0	15000.0
101.9	20.3	-8811.09	14.45	13.74	16.43	72.08	41.27	166566	2041.0	12959.0	15000.0
101.9	20.3	-8805.11	14.46	13.67	11.71	76.12	41.28	166567	2042.0	12958.0	15000.0
101.9	20.3	-8805.11	14.46	13.67	11.71	76.12	41.29	166568	2043.0	12957.0	15000.0
102.1	20.3	-8810.24	14.53	13.59	10.61	74.85	41.29	166569	2044.0	12956.0	15000.0
102.1	20.3	-8810.24	14.53	13.59	10.61	74.85	41.29	166570	2045.0	12955.0	15000.0
102.1	20.3	-8811.52	14.48	13.73	13.74	73.94	41.28	166571	2046.0	12954.0	15000.0
102.1	20.3	-8811.52	14.48	13.73	13.74	73.94	41.28	166572	2047.0	12953.0	15000.0
102.1	20.3	-8806.82	14.5	13.56	10.62	76.73	41.28	166573	2048.0	12952.0	15000.0
102.1	20.3	-8806.82	14.5	13.56	10.62	76.73	41.29	166574	2049.0	12951.0	15000.0
102.1	20.3	-8812.38	14.46	13.68	14.72	73.9	41.3	166575	2050.0	12950.0	15000.0
102.1	20.3	-8812.38	14.46	13.68	14.72	73.9	41.3	166576	2051.0	12949.0	15000.0
102.1	20.3	-8808.1	14.42	13.59	12.42	77.79	41.3	166577	2052.0	12948.0	15000.0
102.1	20.3	-8808.1	14.42	13.59	12.42	77.79	41.3	166578	2053.0	12947.0	15000.0
102.4	20.3	-8809.81	14.49	13.7	13.17	74.18	41.3	166579	2054.0	12946.0	15000.0
102.4	20.3	-8809.81	14.49	13.7	13.17	74.18	41.3	166580	2055.0	12945.0	15000.0
102.4	20.3	-8811.52	14.47	13.71	12.02	74.35	41.31	166581	2056.0	12944.0	15000.0
102.4	20.3	-8811.52	14.47	13.71	12.02	74.35	41.32	166582	2057.0	12943.0	15000.0
102.4	20.3	-8812.38	14.52	13.72	12.89	71.55	41.32	166583	2058.0	12942.0	15000.0
102.4	20.3	-8812.38	14.52	13.72	12.89	71.55	41.32	166584	2059.0	12941.0	15000.0
102.4	20.3	-8808.53	14.42	13.6	15.27	77.39	41.32	166585	2060.0	12940.0	15000.0
102.4	20.3	-8808.53	14.42	13.6	15.27	77.39	41.32	166586	2061.0	12939.0	15000.0
102.4	20.3	-8808.53	14.42	13.6	15.27	77.39	41.32	166587	2062.0	12938.0	15000.0
102.4	20.3	-8808.53	14.42	13.6	15.27	77.39	41.32	166588	2063.0	12937.0	15000.0
102.7	20.3	-8810.24	14.47	13.69	11.93	74.29	41.31	166589	2064.0	12936.0	15000.0
102.7	20.3	-8810.24	14.47	13.69	11.93	74.29	41.32	166590	2065.0	12935.0	15000.0
102.7	20.3	-8810.67	14.51	13.73	13.41	73.38	41.33	166591	2066.0	12934.0	15000.0
102.7	20.3	-8810.67	14.51	13.73	13.41	73.38	41.32	166592	2067.0	12933.0	15000.0
102.7	20.3	-8814.08	14.48	13.69	11.93	74.05	41.32	166593	2068.0	12932.0	15000.0
102.7	20.3	-8814.08	14.48	13.69	11.93	74.05	41.33	166594	2069.0	12931.0	15000.0
102.7	20.3	-8810.67	14.43	13.68	15.24	75.54	41.34	166595	2070.0	12930.0	15000.0
102.7	20.3	-8810.67	14.43	13.68	15.24	75.54	41.34	166596	2071.0	12929.0	15000.0
102.7	20.3	-8813.66	14.5	13.68	13.16	74.41	41.34	166597	2072.0	12928.0	15000.0
102.7	20.3	-8813.66	14.5	13.68	13.16	74.41	41.33	166598	2073.0	12927.0	15000.0
103.0	20.3	-8812.8	14.49	13.56	13.18	76.69	41.33	166599	2074.0	12926.0	15000.0
103.0	20.3	-8812.8	14.49	13.56	13.18	76.69	41.33	166600	2075.0	12925.0	15000.0
103.0	20.3	-8806.39	14.5	13.63	11.55	75.26	41.34	166601	2076.0	12924.0	15000.0
103.0	20.3	-8806.39	14.5	13.63	11.55	75.26	41.34	166602	2077.0	12923.0	15000.0
103.0	20.3	-8811.52	14.42	13.73	15.07	74.73	41.34	166603	2078.0	12922.0	15000.0
103.0	20.3	-8811.52	14.42	13.73	15.07	74.73	41.35	166604	2079.0	12921.0	15000.0
103.0	20.3	-8808.1	14.46	13.67	12.82	74.57	41.36	166605	2080.0	12920.0	15000.0
103.0	20.3	-8808.1	14.46	13.67	12.82	74.57	41.36	166606	2081.0	12919.0	15000.0
103.0	20.3	-8807.68	14.48	13.65	12.62	75.87	41.36	166607	2082.0	12918.0	15000.0
103.0	20.3	-8807.68	14.48	13.65	12.62	75.87	41.36	166608	2083.0	12917.0	15000.0
103.3	20.3	-8809.39	14.51	13.71	11.85	74.26	41.36	166609	2084.0	12916.0	15000.0
103.3	20.3	-8809.39	14.51	13.71	11.85	74.26	41.37	166610	2085.0	12915.0	15000.0
103.3	20.3	-8808.53	14.41	13.71	15.4	74.33	41.37	166611	2086.0	12914.0	15000.0
103.3	20.3	-8808.53	14.41	13.71	15.4	74.33	41.37	166612	2087.0	12913.0	15000.0
103.3	20.3	-8805.97	14.53	13.67	11.06	76.03	41.38	166613	2088.0	12912.0	15000.0
103.3	20.3	-8805.97	14.53	13.67	11.06	76.03	41.38	166614	2089.0	12911.0	15000.0
103.3	20.3	-8808.1	14.47	13.62	13.0	75.68	41.39	166615	2090.0	12910.0	15000.0
103.3	20.3	-8808.1	14.47	13.62	13.0	75.68	41.39	166616	2091.0	12909.0	15000.0
103.3	20.3	-8808.1	14.47	13.62	13.0	75.68	41.39	166617	2092.0	12908.0	15000.0
103.3	20.3	-8808.1	14.47	13.62	13.0	75.68	41.38	166618	2093.0	12907.0	15000.0
103.6	20.4	-8813.23	14.52	13.73	11.21	74.99	41.37	166619	2094.0	12906.0	15000.0
103.6	20.4	-8813.23	14.52	13.73	11.21	74.99	41.37	166620	2095.0	12905.0	15000.0
103.6	20.4	-8810.24	14.43	13.71	15.61	74.67	41.37	166621	2096.0	12904.0	15000.0
103.6	20.4	-8810.24	14.43	13.71	15.61	74.67	41.37	166622	2097.0	12903.0	15000.0
103.6	20.4	-8803.83	14.48	13.63	13.27	75.46	41.38	166623	2098.0	12902.0	15000.0
103.6	20.4	-8803.83	14.48	13.63	13.27	75.46	41.38	166624	2099.0	12901.0	15000.0
103.6	20.4	-8810.24	14.48	13.69	11.67	73.62	41.39	166625	2100.0	12900.0	15000.0
103.6	20.4	-8810.24	14.48	13.69	11.67	73.62	41.39	166626	2101.0	12899.0	15000.0
103.6	20.4	-8809.81	14.46	13.69	13.81	74.89	41.38	166627	2102.0	12898.0	15000.0
103.6	20.4	-8809.81	14.46	13.69	13.81	74.89	41.38	166628	2103.0	12897.0	15000.0
103.7	20.4	-8808.1	14.53	13.71	11.0	74.1	41.39	166629	2104.0	12896.0	15000.0
103.7	20.4	-8808.1	14.53	13.71	11.0	74.1	41.39	166630	2105.0	12895.0	15000.0
103.7	20.4	-8811.09	14.47	13.72	14.87	74.1	41.39	166631	2106.0	12894.0	15000.0
103.7	20.4	-8811.09	14.47	13.72	14.87	74.1	41.39	166632	2107.0	12893.0	15000.0
103.7	20.4	-8808.1	14.42	13.64	12.29	78.19	41.4	166633	2108.0	12892.0	15000.0
103.7	20.4	-8808.1	14.42	13.64	12.29	78.19	41.4	166634	2109.0	12891.0	15000.0
103.7	20.4	-8807.68	14.53	13.61	11.04	74.9	41.4	166635	2110.0	12890.0	15000.0
103.7	20.4	-8807.68	14.53	13.61	11.04	74.9	41.4	166636	2111.0	12889.0	15000.0
103.7	20.4	-8810.24	14.51	13.77	13.0	73.13	41.41	166637	2112.0	12888.0	15000.0
103.7	20.4	-8810.24	14.51	13.77	13.0	73.13	41.41	166638	2113.0	12887.0	15000.0
103.9	20.3	-8809.39	14.52	13.58	10.71	76.01	41.41	166639	2114.0	12886.0	15000.0
103.9	20.3	-8809.39	14.52	13.58	10.71	76.01	41.41	166640	2115.0	12885.0	15000.0
103.9	20.3	-8808.1	14.44	13.68	15.23	75.6	41.42	166641	2116.0	12884.0	15000.0
103.9	20.3	-8808.1	14.44	13.68	15.23	75.6	41.41	166642	2117.0	12883.0	15000.0
103.9	20.3	-8810.67	14.46	13.7	12.06	75.15	41.41	166643	2118.0	12882.0	15000.0
103.9	20.3	-8810.67	14.46	13.7	12.06	75.15	41.42	166644	2119.0	12881.0	15000.0
103.9	20.3	-8809.39	14.47	13.71	13.48	74.03	41.43	166645	2120.0	12880.0	15000.0
103.9	20.3	-8809.39	14.47	13.71	13.48	74.03	41.44	166646	2121.0	12879.0	15000.0
103.9	20.3	-10908.02	-1.36	17.48	-0.56	-5.44	41.44	166647	2122.0	12878.0	15000.0
103.9	20.3	-10908.02	-1.36	17.48	-0.56	-5.44	41.43	166648	2123.0	12877.0	15000.0
104.1	20.2	-9518.19	-0.48	15.49	0.2	-1.54	41.41	166649	2124.0	12876.0	15000.0
104.1	20.2	-9518.19	-0.48	15.49	0.2	-1.54	41.41	166650	2125.0	12875.0	15000.0
104.1	20.2	-9518.19	-0.48	15.49	0.2	-1.54	41.41	166651	2126.0	12874.0	15000.0
104.1	20.2	-9518.19	-0.48	15.49	0.2	-1.54	41.39	166652	2127.0	12873.0	15000.0
104.1	20.2	-8960.2	0.86	15.08	0.03	4.07	41.37	166653	2128.0	12872.0	15000.0
104.1	20.2	-8960.2	0.86	15.08	0.03	4.07	41.35	166654	2129.0	12871.0	15000.0
104.1	20.2	-8847.41	1.11	14.96	-0.13	5.41	41.33	166655	2130.0	12870.0	15000.0
104.1	20.2	-8847.41	1.11	14.96	-0.13	5.41	41.31	166656	2131.0	12869.0	15000.0
104.1	20.2	-8821.35	1.19	15.0	0.15	4.7	41.28	166657	2132.0	12868.0	15000.0
104.1	20.2	-8821.35	1.19	15.0	0.15	4.7	41.25	166658	2133.0	12867.0	15000.0
104.4	20.3	-8817.08	1.15	14.97	0.1	5.18	41.22	166659	2134.0	12866.0	15000.0
104.4	20.3	-8817.08	1.15	14.97	0.1	5.18	41.19	166660	2135.0	12865.0	15000.0
104.4	20.3	-8810.67	1.21	14.96	-0.52	5.37	41.16	166661	2136.0	12864.0	15000.0
104.4	20.3	-8810.67	1.21	14.96	-0.52	5.37	41.13	166662	2137.0	12863.0	15000.0
104.4	20.3	-8813.66	1.19	14.96	0.24	5.13	41.09	166663	2138.0	12862.0	15000.0
104.4	20.3	-8813.66	1.19	14.96	0.24	5.13	41.05	166664	2139.0	12861.0	15000.0
104.4	20.3	-8811.09	1.18	14.95	-0.13	5.47	41.0	166665	2140.0	12860.0	15000.0
104.4	20.3	-8811.09	1.18	14.95	-0.13	5.47	40.97	166666	2141.0	12859.0	15000.0
104.4	20.3	-8810.67	1.19	14.98	-0.25	5.13	40.93	166667	2142.0	12858.0	15000.0
104.4	20.3	-8810.67	1.19	14.98	-0.25	5.13	40.89	166668	2143.0	12857.0	15000.0
103.9	20.3	-8812.8	1.2	14.99	-0.25	5.62	40.84	166669	2144.0	12856.0	15000.0
103.9	20.3	-8812.8	1.2	14.99	-0.25	5.62	40.8	166670	2145.0	12855.0	15000.0
103.9	20.3	-8809.39	1.18	14.99	0.0	5.0	40.77	166671	2146.0	12854.0	15000.0
103.9	20.3	-8809.39	1.18	14.99	0.0	5.0	40.72	166672	2147.0	12853.0	15000.0
103.9	20.3	-8808.96	1.18	14.98	0.38	5.07	40.67	166673	2148.0	12852.0	15000.0
103.9	20.3	-8808.96	1.18	14.98	0.38	5.07	40.67	166674	2149.0	12851.0	15000.0
103.9	20.3	-8808.96	1.18	14.98	0.38	5.07	40.67	166675	2150.0	12850.0	15000.0
103.9	20.3	-8808.96	1.18	14.98	0.38	5.07	40.64	166676	2151.0	12849.0	15000.0
103.9	20.3	-8813.66	1.18	14.94	0.37	6.21	40.59	166677	2152.0	12848.0	15000.0
103.9	20.3	-8813.66	1.18	14.94	0.37	6.21	40.51	166678	2153.0	12847.0	15000.0
102.9	20.2	-8808.96	1.14	14.95	0.15	4.9	40.44	166679	2154.0	12846.0	15000.0
102.9	20.2	-8808.96	1.14	14.95	0.15	4.9	40.39	166680	2155.0	12845.0	15000.0
102.9	20.2	-8809.81	1.19	14.96	0.09	5.28	40.34	166681	2156.0	12844.0	15000.0
102.9	20.2	-8809.81	1.19	14.96	0.09	5.28	40.3	166682	2157.0	12843.0	15000.0
102.9	20.2	-8811.95	1.17	14.96	0.05	5.56	40.26	166683	2158.0	12842.0	15000.0
102.9	20.2	-8811.95	1.17	14.96	0.05	5.56	40.23	166684	2159.0	12841.0	15000.0
102.9	20.2	-8806.82	1.17	14.95	-0.8	5.21	40.19	166685	2160.0	12840.0	15000.0
102.9	20.2	-8806.82	1.17	14.95	-0.8	5.21	40.15	166686	2161.0	12839.0	15000.0
102.9	20.2	-8811.09	1.18	14.97	0.39	5.13	40.11	166687	2162.0	12838.0	15000.0
102.9	20.2	-8811.09	1.18	14.97	0.39	5.13	40.07	166688	2163.0	12837.0	15000.0
101.5	20.3	-8809.81	1.19	14.98	-0.21	5.05	40.03	166689	2164.0	12836.0	15000.0
101.5	20.3	-8809.81	1.19	14.98	-0.21	5.05	39.99	166690	2165.0	12835.0	15000.0
101.5	20.3	-8811.95	1.15	15.0	0.32	4.9	39.95	166691	2166.0	12834.0	15000.0
101.5	20.3	-8811.95	1.15	15.0	0.32	4.9	39.91	166692	2167.0	12833.0	15000.0
101.5	20.3	-8811.09	1.18	14.93	-0.69	5.21	39.86	166693	2168.0	12832.0	15000.0
101.5	20.3	-8811.09	1.18	14.93	-0.69	5.21	39.82	166694	2169.0	12831.0	15000.0
101.5	20.3	-8812.38	1.14	14.97	0.56	5.23	39.78	166695	2170.0	12830.0	15000.0
101.5	20.3	-8812.38	1.14	14.97	0.56	5.23	39.75	166696	2171.0	12829.0	15000.0
101.5	20.3	-8807.25	1.13	15.0	0.21	4.91	39.71	166697	2172.0	12828.0	15000.0
101.5	20.3	-8807.25	1.13	15.0	0.21	4.91	39.68	166698	2173.0	12827.0	15000.0
99.9	20.3	-8808.96	1.18	14.96	0.0	5.1	39.64	166699	2174.0	12826.0	15000.0
99.9	20.3	-8808.96	1.18	14.96	0.0	5.1	39.6	166700	2175.0	12825.0	15000.0
99.9	20.3	-8812.38	1.18	14.96	-0.64	5.37	39.56	166701	2176.0	12824.0	15000.0
99.9	20.3	-8812.38	1.18	14.96	-0.64	5.37	39.52	166702	2177.0	12823.0	15000.0
99.9	20.3	-8811.09	1.18	14.96	0.31	5.65	39.49	166703	2178.0	12822.0	15000.0
99.9	20.3	-8811.09	1.18	14.96	0.31	5.65	39.46	166704	2179.0	12821.0	15000.0
99.9	20.3	-8811.95	1.14	14.96	0.32	5.12	39.43	166705	2180.0	12820.0	15000.0
99.9	20.3	-8811.95	1.14	14.96	0.32	5.12	39.43	166706	2181.0	12819.0	15000.0
99.9	20.3	-8811.95	1.14	14.96	0.32	5.12	39.43	166707	2182.0	12818.0	15000.0
99.9	20.3	-8811.95	1.14	14.96	0.32	5.12	39.39	166708	2183.0	12817.0	15000.0
98.2	20.4	-8252.68	-1.13	13.05	-0.2	-5.63	39.34	166709	2184.0	12816.0	15000.0
98.2	20.4	-8252.68	-1.13	13.05	-0.2	-5.63	39.31	166710	2185.0	12815.0	15000.0
98.2	20.4	-6863.28	-1.03	10.72	0.09	-5.95	39.28	166711	2186.0	12814.0	15000.0
98.2	20.4	-6863.28	-1.03	10.72	0.09	-5.95	39.24	166712	2187.0	12813.0	15000.0
98.2	20.4	-5443.54	-0.96	8.31	0.51	-7.23	39.2	166713	2188.0	12812.0	15000.0
98.2	20.4	-5443.54	-0.96	8.31	0.51	-7.23	39.16	166714	2189.0	12811.0	15000.0
98.2	20.4	-3931.09	-0.54	5.84	-0.93	-6.46	39.13	166715	2190.0	12810.0	15000.0
98.2	20.4	-3931.09	-0.54	5.84	-0.93	-6.46	39.1	166716	2191.0	12809.0	15000.0
98.2	20.4	-2510.5	-0.35	3.38	-1.26	-8.94	39.07	166717	2192.0	12808.0	15000.0
98.2	20.4	-2510.5	-0.35	3.38	-1.26	-8.94	39.06	166718	2193.0	12807.0	15000.0
96.4	20.3	-910.46	0.27	0.69	0.0	-5.22	39.05	166719	2194.0	12806.0	15000.0
96.4	20.3	-910.46	0.27	0.69	0.0	-5.22	39.04	166720	2195.0	12805.0	15000.0
