EinAnaTmpMotorWicklU2_20Hz	EinAnaTmpUmgebung_20Hz	XcpAnaDrzMotorIst_20Hz	XcpAnaSpgMotorD_20Hz	XcpAnaSpgMotorQ_20Hz	XcpAnaStrMotorD_20Hz	XcpAnaStrMotorQ_20Hz	XcpAnaTmpElektronik_20Hz	index	runtime	downtime	check_sum
59.1	19.8	-2.99	0.0	0.0	0.0	28.78	37.09	78047	0.0	15000.0	15000.0
59.1	19.8	-2.99	0.0	0.0	0.0	28.78	37.09	78048	1.0	14999.0	15000.0
59.1	19.8	-2.99	0.0	0.0	0.0	28.78	37.09	78049	2.0	14998.0	15000.0
59.1	19.8	-2.99	0.0	0.0	0.0	28.78	37.07	78050	3.0	14997.0	15000.0
59.1	19.8	-7532.35	4.81	13.23	2.83	24.76	37.04	78051	4.0	14996.0	15000.0
59.1	19.8	-7532.35	4.81	13.23	2.83	24.76	37.04	78052	5.0	14995.0	15000.0
59.1	19.8	-6742.37	3.34	11.61	0.4	20.87	37.05	78053	6.0	14994.0	15000.0
59.1	19.8	-6742.37	3.34	11.61	0.4	20.87	37.07	78054	7.0	14993.0	15000.0
59.1	19.8	-6021.18	7.59	10.06	9.37	52.37	37.08	78055	8.0	14992.0	15000.0
59.1	19.8	-6021.18	7.59	10.06	9.37	52.37	37.08	78056	9.0	14991.0	15000.0
59.1	19.8	-6021.18	7.59	10.06	9.37	52.37	37.08	78057	10.0	14990.0	15000.0
59.1	19.8	-6021.18	7.59	10.06	9.37	52.37	37.09	78058	11.0	14989.0	15000.0
59.1	19.8	-6122.44	8.65	10.08	11.01	58.51	37.11	78059	12.0	14988.0	15000.0
59.09	19.8	-6122.44	8.65	10.08	11.01	58.51	37.13	78060	13.0	14987.0	15000.0
59.05	19.8	-6232.66	9.49	10.12	12.45	66.35	37.16	78061	14.0	14986.0	15000.0
59.0	19.8	-6232.66	9.49	10.12	12.45	66.35	37.17	78062	15.0	14985.0	15000.0
58.94	19.8	-6340.33	10.22	10.27	12.29	72.45	37.19	78063	16.0	14984.0	15000.0
58.87	19.8	-6340.33	10.22	10.27	12.29	72.45	37.25	78064	17.0	14983.0	15000.0
58.8	19.8	-6492.0	11.12	10.24	15.33	78.42	37.32	78065	18.0	14982.0	15000.0
58.74	19.8	-6492.0	11.12	10.24	15.33	78.42	37.37	78066	19.0	14981.0	15000.0
58.68	19.8	-6540.28	11.39	10.12	16.23	80.9	37.41	78067	20.0	14980.0	15000.0
58.63	19.8	-6540.28	11.39	10.12	16.23	80.9	37.44	78068	21.0	14979.0	15000.0
58.6	19.8	-6575.74	11.7	10.11	16.3	81.62	37.47	78069	22.0	14978.0	15000.0
58.58	19.8	-6575.74	11.7	10.11	16.3	81.62	37.52	78070	23.0	14977.0	15000.0
58.57	19.8	-6598.39	11.84	10.06	18.4	80.6	37.57	78071	24.0	14976.0	15000.0
58.56	19.8	-6598.39	11.84	10.06	18.4	80.6	37.62	78072	25.0	14975.0	15000.0
58.55	19.8	-6616.33	11.94	9.85	17.41	85.38	37.68	78073	26.0	14974.0	15000.0
58.55	19.8	-6616.33	11.94	9.85	17.41	85.38	37.73	78074	27.0	14973.0	15000.0
58.55	19.8	-6623.17	12.09	9.88	17.8	82.22	37.77	78075	28.0	14972.0	15000.0
58.56	19.8	-6623.17	12.09	9.88	17.8	82.22	37.77	78076	29.0	14971.0	15000.0
58.57	19.8	-6623.17	12.09	9.88	17.8	82.22	37.77	78077	30.0	14970.0	15000.0
58.58	19.8	-6623.17	12.09	9.88	17.8	82.22	37.84	78078	31.0	14969.0	15000.0
58.6	19.9	-6641.54	12.08	9.73	20.49	86.33	37.91	78079	32.0	14968.0	15000.0
58.62	19.9	-6641.54	12.08	9.73	20.49	86.33	37.95	78080	33.0	14967.0	15000.0
58.65	19.9	-6643.68	12.2	9.78	19.94	84.91	38.0	78081	34.0	14966.0	15000.0
58.67	19.9	-6643.68	12.2	9.78	19.94	84.91	38.05	78082	35.0	14965.0	15000.0
58.7	19.9	-6650.51	12.17	9.73	21.38	83.79	38.09	78083	36.0	14964.0	15000.0
58.73	19.9	-6650.51	12.17	9.73	21.38	83.79	38.15	78084	37.0	14963.0	15000.0
58.76	19.9	-6653.5	12.22	9.77	19.0	83.59	38.21	78085	38.0	14962.0	15000.0
58.79	19.9	-6653.5	12.22	9.77	19.0	83.59	38.26	78086	39.0	14961.0	15000.0
58.83	19.9	-6659.48	12.2	9.68	22.73	86.1	38.32	78087	40.0	14960.0	15000.0
58.86	19.9	-6659.48	12.2	9.68	22.73	86.1	38.38	78088	41.0	14959.0	15000.0
58.9	19.8	-6660.34	12.23	9.62	20.78	87.19	38.45	78089	42.0	14958.0	15000.0
58.94	19.8	-6660.34	12.23	9.62	20.78	87.19	38.51	78090	43.0	14957.0	15000.0
58.98	19.8	-6659.06	12.33	9.69	19.88	84.17	38.57	78091	44.0	14956.0	15000.0
59.02	19.8	-6659.06	12.33	9.69	19.88	84.17	38.62	78092	45.0	14955.0	15000.0
59.06	19.8	-6666.32	12.27	9.61	20.92	86.49	38.67	78093	46.0	14954.0	15000.0
59.11	19.8	-6666.32	12.27	9.61	20.92	86.49	38.73	78094	47.0	14953.0	15000.0
59.16	19.8	-6662.47	12.33	9.76	20.75	82.09	38.79	78095	48.0	14952.0	15000.0
59.21	19.8	-6662.47	12.33	9.76	20.75	82.09	38.84	78096	49.0	14951.0	15000.0
59.27	19.8	-6665.04	12.24	9.71	22.48	83.98	38.89	78097	50.0	14950.0	15000.0
59.33	19.8	-6665.04	12.24	9.71	22.48	83.98	39.01	78098	51.0	14949.0	15000.0
59.4	19.8	-6663.33	12.26	9.64	20.52	86.37	39.12	78099	52.0	14948.0	15000.0
59.47	19.8	-6663.33	12.26	9.64	20.52	86.37	39.12	78100	53.0	14947.0	15000.0
59.55	19.8	-6663.33	12.26	9.64	20.52	86.37	39.12	78101	54.0	14946.0	15000.0
59.64	19.8	-6663.33	12.26	9.64	20.52	86.37	39.18	78102	55.0	14945.0	15000.0
59.74	19.8	-6666.75	12.28	9.74	21.8	83.57	39.23	78103	56.0	14944.0	15000.0
59.84	19.8	-6666.75	12.28	9.74	21.8	83.57	39.29	78104	57.0	14943.0	15000.0
59.94	19.8	-6667.17	12.35	9.7	20.54	85.13	39.34	78105	58.0	14942.0	15000.0
60.05	19.8	-6667.17	12.35	9.7	20.54	85.13	39.4	78106	59.0	14941.0	15000.0
60.16	19.8	-6665.04	12.33	9.62	20.01	85.56	39.45	78107	60.0	14940.0	15000.0
60.28	19.8	-6665.04	12.33	9.62	20.01	85.56	39.5	78108	61.0	14939.0	15000.0
60.4	19.8	-6668.88	12.14	9.73	24.28	85.33	39.55	78109	62.0	14938.0	15000.0
60.52	19.8	-6668.88	12.14	9.73	24.28	85.33	39.6	78110	63.0	14937.0	15000.0
60.64	19.8	-6668.88	12.25	9.72	21.5	84.43	39.65	78111	64.0	14936.0	15000.0
60.77	19.8	-6668.88	12.25	9.72	21.5	84.43	39.7	78112	65.0	14935.0	15000.0
60.89	19.8	-6667.17	12.23	9.83	23.45	83.79	39.75	78113	66.0	14934.0	15000.0
61.02	19.8	-6667.17	12.23	9.83	23.45	83.79	39.8	78114	67.0	14933.0	15000.0
61.15	19.8	-6667.6	12.25	9.68	20.59	86.1	39.85	78115	68.0	14932.0	15000.0
61.28	19.8	-6667.6	12.25	9.68	20.59	86.1	39.9	78116	69.0	14931.0	15000.0
61.42	19.8	-6671.02	12.23	9.79	22.57	83.4	39.95	78117	70.0	14930.0	15000.0
61.56	19.8	-6671.02	12.23	9.79	22.57	83.4	40.0	78118	71.0	14929.0	15000.0
61.7	19.7	-6665.89	12.3	9.74	20.72	84.0	40.05	78119	72.0	14928.0	15000.0
61.85	19.7	-6665.89	12.3	9.74	20.72	84.0	40.09	78120	73.0	14927.0	15000.0
61.99	19.7	-6666.75	12.31	9.72	21.85	84.03	40.14	78121	74.0	14926.0	15000.0
62.14	19.7	-6666.75	12.31	9.72	21.85	84.03	40.19	78122	75.0	14925.0	15000.0
62.28	19.7	-6668.88	12.17	9.75	22.75	86.41	40.23	78123	76.0	14924.0	15000.0
62.43	19.7	-6668.88	12.17	9.75	22.75	86.41	40.27	78124	77.0	14923.0	15000.0
62.58	19.7	-6670.59	12.28	9.87	20.93	81.56	40.31	78125	78.0	14922.0	15000.0
62.73	19.7	-6670.59	12.28	9.87	20.93	81.56	40.36	78126	79.0	14921.0	15000.0
62.89	19.7	-6668.03	12.25	9.81	20.11	84.9	40.42	78127	80.0	14920.0	15000.0
63.04	19.7	-6668.03	12.25	9.81	20.11	84.9	40.46	78128	81.0	14919.0	15000.0
63.2	19.8	-6665.89	12.22	9.77	21.04	84.16	40.49	78129	82.0	14918.0	15000.0
63.36	19.8	-6665.89	12.22	9.77	21.04	84.16	40.49	78130	83.0	14917.0	15000.0
63.52	19.8	-6665.89	12.22	9.77	21.04	84.16	40.49	78131	84.0	14916.0	15000.0
63.68	19.8	-6665.89	12.22	9.77	21.04	84.16	40.53	78132	85.0	14915.0	15000.0
63.84	19.8	-6666.75	12.28	9.81	22.68	83.63	40.57	78133	86.0	14914.0	15000.0
64.0	19.8	-6666.75	12.28	9.81	22.68	83.63	40.62	78134	87.0	14913.0	15000.0
64.16	19.8	-6667.6	12.24	9.71	19.46	87.24	40.66	78135	88.0	14912.0	15000.0
64.32	19.8	-6667.6	12.24	9.71	19.46	87.24	40.69	78136	89.0	14911.0	15000.0
64.48	19.8	-6667.6	12.27	9.82	21.45	82.91	40.71	78137	90.0	14910.0	15000.0
64.64	19.8	-6667.6	12.27	9.82	21.45	82.91	40.75	78138	91.0	14909.0	15000.0
64.8	19.8	-6669.31	12.22	9.73	21.39	87.06	40.8	78139	92.0	14908.0	15000.0
64.96	19.8	-6669.31	12.22	9.73	21.39	87.06	40.87	78140	93.0	14907.0	15000.0
65.11	19.8	-6668.46	12.19	9.81	20.08	85.61	40.94	78141	94.0	14906.0	15000.0
65.27	19.8	-6668.46	12.19	9.81	20.08	85.61	40.98	78142	95.0	14905.0	15000.0
65.42	19.8	-6664.61	12.25	9.84	20.44	84.17	41.02	78143	96.0	14904.0	15000.0
65.58	19.8	-6664.61	12.25	9.84	20.44	84.17	41.06	78144	97.0	14903.0	15000.0
65.73	19.8	-6669.74	12.15	9.85	23.43	84.85	41.09	78145	98.0	14902.0	15000.0
65.89	19.8	-6669.74	12.15	9.85	23.43	84.85	41.12	78146	99.0	14901.0	15000.0
66.05	19.8	-6665.04	12.26	9.8	20.62	85.3	41.15	78147	100.0	14900.0	15000.0
66.22	19.8	-6665.04	12.26	9.8	20.62	85.3	41.18	78148	101.0	14899.0	15000.0
66.4	19.8	-6666.75	12.27	9.7	18.77	87.04	41.21	78149	102.0	14898.0	15000.0
66.58	19.8	-6666.75	12.27	9.7	18.77	87.04	41.24	78150	103.0	14897.0	15000.0
66.76	19.8	-6670.59	12.27	9.86	19.17	84.56	41.28	78151	104.0	14896.0	15000.0
66.94	19.8	-6670.59	12.27	9.86	19.17	84.56	41.31	78152	105.0	14895.0	15000.0
67.12	19.8	-6666.75	12.21	9.78	20.55	85.17	41.33	78153	106.0	14894.0	15000.0
67.3	19.8	-6666.75	12.21	9.78	20.55	85.17	41.36	78154	107.0	14893.0	15000.0
67.48	19.8	-6667.17	12.18	9.98	22.43	81.89	41.4	78155	108.0	14892.0	15000.0
67.66	19.8	-6667.17	12.18	9.98	22.43	81.89	41.43	78156	109.0	14891.0	15000.0
67.84	19.8	-6666.32	12.16	9.8	21.04	86.24	41.46	78157	110.0	14890.0	15000.0
68.02	19.8	-6666.32	12.16	9.8	21.04	86.24	41.5	78158	111.0	14889.0	15000.0
68.2	19.8	-6665.89	12.14	9.84	23.31	84.45	41.54	78159	112.0	14888.0	15000.0
68.38	19.8	-6665.89	12.14	9.84	23.31	84.45	41.57	78160	113.0	14887.0	15000.0
68.56	19.8	-6669.31	12.25	9.84	21.25	85.11	41.58	78161	114.0	14886.0	15000.0
68.74	19.8	-6669.31	12.25	9.84	21.25	85.11	41.58	78162	115.0	14885.0	15000.0
68.92	19.8	-6669.31	12.25	9.84	21.25	85.11	41.58	78163	116.0	14884.0	15000.0
69.1	19.8	-6669.31	12.25	9.84	21.25	85.11	41.61	78164	117.0	14883.0	15000.0
69.28	19.8	-6666.75	12.22	9.82	18.89	84.34	41.64	78165	118.0	14882.0	15000.0
69.46	19.8	-6666.75	12.22	9.82	18.89	84.34	41.66	78166	119.0	14881.0	15000.0
69.64	19.8	-6667.6	12.18	9.9	23.54	83.53	41.69	78167	120.0	14880.0	15000.0
69.82	19.8	-6667.6	12.18	9.9	23.54	83.53	41.71	78168	121.0	14879.0	15000.0
70.0	19.8	-6666.32	12.23	9.86	20.17	84.52	41.74	78169	122.0	14878.0	15000.0
70.18	19.8	-6666.32	12.23	9.86	20.17	84.52	41.77	78170	123.0	14877.0	15000.0
70.35	19.8	-6667.6	12.2	9.81	19.61	85.84	41.8	78171	124.0	14876.0	15000.0
70.52	19.8	-6667.6	12.2	9.81	19.61	85.84	41.84	78172	125.0	14875.0	15000.0
70.69	19.8	-6664.61	12.13	9.85	22.14	85.41	41.87	78173	126.0	14874.0	15000.0
70.86	19.8	-6664.61	12.13	9.85	22.14	85.41	41.89	78174	127.0	14873.0	15000.0
71.03	19.8	-6664.61	12.17	9.91	20.51	85.0	41.9	78175	128.0	14872.0	15000.0
71.19	19.8	-6664.61	12.17	9.91	20.51	85.0	41.93	78176	129.0	14871.0	15000.0
71.36	19.8	-6668.03	12.18	9.88	19.94	83.97	41.96	78177	130.0	14870.0	15000.0
71.53	19.8	-6668.03	12.18	9.88	19.94	83.97	41.98	78178	131.0	14869.0	15000.0
71.7	19.8	-6667.6	12.14	9.83	22.13	86.0	42.01	78179	132.0	14868.0	15000.0
71.88	19.8	-6667.6	12.14	9.83	22.13	86.0	42.05	78180	133.0	14867.0	15000.0
72.06	19.8	-6665.04	12.21	9.85	20.56	83.98	42.1	78181	134.0	14866.0	15000.0
72.25	19.8	-6665.04	12.21	9.85	20.56	83.98	42.13	78182	135.0	14865.0	15000.0
72.45	19.8	-6671.45	12.12	9.86	21.35	86.91	42.15	78183	136.0	14864.0	15000.0
72.65	19.8	-6671.45	12.12	9.86	21.35	86.91	42.17	78184	137.0	14863.0	15000.0
72.85	19.8	-6667.6	12.11	9.92	22.05	83.91	42.19	78185	138.0	14862.0	15000.0
73.04	19.8	-6667.6	12.11	9.92	22.05	83.91	42.21	78186	139.0	14861.0	15000.0
73.24	19.8	-6667.6	12.18	9.98	21.29	84.36	42.24	78187	140.0	14860.0	15000.0
73.42	19.8	-6667.6	12.18	9.98	21.29	84.36	42.26	78188	141.0	14859.0	15000.0
73.6	19.7	-6669.74	12.15	9.93	21.58	83.59	42.28	78189	142.0	14858.0	15000.0
73.75	19.7	-6669.74	12.15	9.93	21.58	83.59	42.28	78190	143.0	14857.0	15000.0
73.86	19.7	-6669.74	12.15	9.93	21.58	83.59	42.28	78191	144.0	14856.0	15000.0
73.94	19.7	-6669.74	12.15	9.93	21.58	83.59	42.31	78192	145.0	14855.0	15000.0
73.99	19.7	-6670.16	12.16	9.94	21.24	84.33	42.35	78193	146.0	14854.0	15000.0
74.04	19.7	-6670.16	12.16	9.94	21.24	84.33	42.36	78194	147.0	14853.0	15000.0
74.09	19.7	-6666.75	12.15	10.01	22.44	82.33	42.38	78195	148.0	14852.0	15000.0
74.15	19.7	-6666.75	12.15	10.01	22.44	82.33	42.41	78196	149.0	14851.0	15000.0
74.23	19.7	-6666.75	12.19	9.92	20.74	83.97	42.44	78197	150.0	14850.0	15000.0
74.34	19.7	-6666.75	12.19	9.92	20.74	83.97	42.45	78198	151.0	14849.0	15000.0
74.5	19.7	-6665.89	12.15	9.88	20.03	86.09	42.46	78199	152.0	14848.0	15000.0
74.68	19.7	-6665.89	12.15	9.88	20.03	86.09	42.48	78200	153.0	14847.0	15000.0
74.87	19.7	-6667.17	12.18	10.08	21.68	81.02	42.5	78201	154.0	14846.0	15000.0
75.06	19.7	-6667.17	12.18	10.08	21.68	81.02	42.53	78202	155.0	14845.0	15000.0
75.26	19.7	-6666.32	12.11	9.97	20.82	84.93	42.55	78203	156.0	14844.0	15000.0
75.45	19.7	-6666.32	12.11	9.97	20.82	84.93	42.57	78204	157.0	14843.0	15000.0
75.65	19.7	-6665.46	12.19	9.97	19.65	84.67	42.59	78205	158.0	14842.0	15000.0
75.84	19.7	-6665.46	12.19	9.97	19.65	84.67	42.61	78206	159.0	14841.0	15000.0
76.03	19.7	-6666.75	12.13	10.03	21.36	82.79	42.63	78207	160.0	14840.0	15000.0
76.22	19.7	-6666.75	12.13	10.03	21.36	82.79	42.65	78208	161.0	14839.0	15000.0
76.4	19.8	-6667.17	12.12	9.97	22.07	84.44	42.66	78209	162.0	14838.0	15000.0
76.58	19.8	-6667.17	12.12	9.97	22.07	84.44	42.67	78210	163.0	14837.0	15000.0
76.76	19.8	-6668.88	12.22	10.01	20.18	82.86	42.68	78211	164.0	14836.0	15000.0
76.94	19.8	-6668.88	12.22	10.01	20.18	82.86	42.7	78212	165.0	14835.0	15000.0
77.12	19.8	-6671.87	12.15	10.01	20.82	83.66	42.72	78213	166.0	14834.0	15000.0
77.3	19.8	-6671.87	12.15	10.01	20.82	83.66	42.75	78214	167.0	14833.0	15000.0
77.48	19.8	-6669.74	12.14	9.92	19.35	85.71	42.77	78215	168.0	14832.0	15000.0
77.66	19.8	-6669.74	12.14	9.92	19.35	85.71	42.78	78216	169.0	14831.0	15000.0
77.84	19.8	-6669.31	12.14	10.08	22.2	81.46	42.79	78217	170.0	14830.0	15000.0
78.02	19.8	-6669.31	12.14	10.08	22.2	81.46	42.81	78218	171.0	14829.0	15000.0
78.2	19.8	-6667.6	12.17	10.02	19.97	82.99	42.83	78219	172.0	14828.0	15000.0
78.38	19.8	-6667.6	12.17	10.02	19.97	82.99	42.85	78220	173.0	14827.0	15000.0
78.56	19.8	-6667.17	12.06	10.02	22.63	84.09	42.87	78221	174.0	14826.0	15000.0
78.74	19.8	-6667.17	12.06	10.02	22.63	84.09	42.89	78222	175.0	14825.0	15000.0
78.92	19.8	-6663.76	12.15	9.99	20.74	84.56	42.9	78223	176.0	14824.0	15000.0
79.1	19.8	-6663.76	12.15	9.99	20.74	84.56	42.92	78224	177.0	14823.0	15000.0
79.28	19.8	-6669.74	12.21	9.93	17.54	85.2	42.94	78225	178.0	14822.0	15000.0
79.46	19.8	-6669.74	12.21	9.93	17.54	85.2	42.96	78226	179.0	14821.0	15000.0
79.64	19.8	-6665.89	12.14	10.03	18.87	83.74	42.97	78227	180.0	14820.0	15000.0
79.82	19.8	-6665.89	12.14	10.03	18.87	83.74	42.97	78228	181.0	14819.0	15000.0
80.0	19.8	-6665.89	12.14	10.03	18.87	83.74	42.97	78229	182.0	14818.0	15000.0
80.18	19.8	-6665.89	12.14	10.03	18.87	83.74	42.99	78230	183.0	14817.0	15000.0
80.35	19.8	-6668.03	12.11	9.92	19.61	86.12	43.02	78231	184.0	14816.0	15000.0
80.52	19.8	-6668.03	12.11	9.92	19.61	86.12	43.02	78232	185.0	14815.0	15000.0
80.68	19.8	-6668.46	12.1	10.16	21.69	81.09	43.02	78233	186.0	14814.0	15000.0
80.85	19.8	-6668.46	12.1	10.16	21.69	81.09	43.04	78234	187.0	14813.0	15000.0
81.02	19.8	-6671.02	12.09	10.02	19.08	84.67	43.07	78235	188.0	14812.0	15000.0
81.18	19.8	-6671.02	12.09	10.02	19.08	84.67	43.09	78236	189.0	14811.0	15000.0
81.35	19.8	-6667.6	12.03	10.03	22.14	85.01	43.11	78237	190.0	14810.0	15000.0
81.52	19.8	-6667.6	12.03	10.03	22.14	85.01	43.12	78238	191.0	14809.0	15000.0
81.7	19.8	-6666.75	12.15	10.03	19.27	83.92	43.12	78239	192.0	14808.0	15000.0
81.88	19.8	-6666.75	12.15	10.03	19.27	83.92	43.14	78240	193.0	14807.0	15000.0
82.07	19.8	-6669.31	12.17	10.04	18.1	83.36	43.16	78241	194.0	14806.0	15000.0
82.26	19.8	-6669.31	12.17	10.04	18.1	83.36	43.17	78242	195.0	14805.0	15000.0
82.45	19.8	-6665.04	12.08	10.06	22.94	84.34	43.18	78243	196.0	14804.0	15000.0
82.64	19.8	-6665.04	12.08	10.06	22.94	84.34	43.2	78244	197.0	14803.0	15000.0
82.84	19.8	-6669.74	12.17	10.13	18.13	82.62	43.21	78245	198.0	14802.0	15000.0
83.03	19.8	-6669.74	12.17	10.13	18.13	82.62	43.22	78246	199.0	14801.0	15000.0
83.22	19.8	-6664.61	12.1	10.17	22.03	81.27	43.24	78247	200.0	14800.0	15000.0
83.41	19.8	-6664.61	12.1	10.17	22.03	81.27	43.26	78248	201.0	14799.0	15000.0
83.6	19.7	-6665.89	12.1	10.04	20.61	84.64	43.28	78249	202.0	14798.0	15000.0
83.78	19.7	-6665.89	12.1	10.04	20.61	84.64	43.29	78250	203.0	14797.0	15000.0
83.97	19.7	-6670.16	12.17	10.11	18.65	83.31	43.3	78251	204.0	14796.0	15000.0
84.15	19.7	-6670.16	12.17	10.11	18.65	83.31	43.34	78252	205.0	14795.0	15000.0
84.34	19.7	-6668.03	12.16	10.0	17.56	84.57	43.37	78253	206.0	14794.0	15000.0
84.52	19.7	-6668.03	12.16	10.0	17.56	84.57	43.38	78254	207.0	14793.0	15000.0
84.7	19.7	-6668.46	12.08	10.11	22.32	83.0	43.39	78255	208.0	14792.0	15000.0
84.88	19.7	-6668.46	12.08	10.11	22.32	83.0	43.4	78256	209.0	14791.0	15000.0
85.05	19.7	-6671.02	12.13	10.16	17.86	82.46	43.41	78257	210.0	14790.0	15000.0
85.23	19.7	-6671.02	12.13	10.16	17.86	82.46	43.42	78258	211.0	14789.0	15000.0
85.4	19.7	-6669.74	12.1	10.06	20.02	83.15	43.44	78259	212.0	14788.0	15000.0
85.57	19.7	-6669.74	12.1	10.06	20.02	83.15	43.45	78260	213.0	14787.0	15000.0
85.73	19.7	-6669.31	12.09	10.19	21.09	83.0	43.47	78261	214.0	14786.0	15000.0
85.89	19.7	-6669.31	12.09	10.19	21.09	83.0	43.48	78262	215.0	14785.0	15000.0
86.05	19.7	-6667.17	12.12	10.13	20.88	82.87	43.5	78263	216.0	14784.0	15000.0
86.2	19.7	-6667.17	12.12	10.13	20.88	82.87	43.52	78264	217.0	14783.0	15000.0
86.36	19.7	-6668.88	12.09	10.01	18.67	86.73	43.53	78265	218.0	14782.0	15000.0
86.52	19.7	-6668.88	12.09	10.01	18.67	86.73	43.55	78266	219.0	14781.0	15000.0
86.67	19.7	-6667.17	12.12	10.14	20.28	81.99	43.56	78267	220.0	14780.0	15000.0
86.84	19.7	-6667.17	12.12	10.14	20.28	81.99	43.57	78268	221.0	14779.0	15000.0
87.0	19.8	-6667.17	12.13	10.14	20.14	82.15	43.58	78269	222.0	14778.0	15000.0
87.17	19.8	-6667.17	12.13	10.14	20.14	82.15	43.59	78270	223.0	14777.0	15000.0
87.34	19.8	-6667.6	12.07	10.1	21.39	85.18	43.6	78271	224.0	14776.0	15000.0
87.51	19.8	-6667.6	12.07	10.1	21.39	85.18	43.6	78272	225.0	14775.0	15000.0
87.68	19.8	-6669.31	12.16	10.15	17.91	82.12	43.61	78273	226.0	14774.0	15000.0
87.85	19.8	-6669.31	12.16	10.15	17.91	82.12	43.63	78274	227.0	14773.0	15000.0
88.02	19.8	-6671.87	12.1	10.18	19.81	84.2	43.65	78275	228.0	14772.0	15000.0
88.2	19.8	-6671.87	12.1	10.18	19.81	84.2	43.67	78276	229.0	14771.0	15000.0
88.37	19.8	-6664.18	12.03	10.15	19.83	82.44	43.69	78277	230.0	14770.0	15000.0
88.53	19.8	-6664.18	12.03	10.15	19.83	82.44	43.69	78278	231.0	14769.0	15000.0
88.7	19.8	-6668.46	12.05	10.18	21.29	82.65	43.69	78279	232.0	14768.0	15000.0
88.86	19.8	-6668.46	12.05	10.18	21.29	82.65	43.69	78280	233.0	14767.0	15000.0
89.03	19.8	-6668.46	12.05	10.18	21.29	82.65	43.69	78281	234.0	14766.0	15000.0
89.19	19.8	-6668.46	12.05	10.18	21.29	82.65	43.71	78282	235.0	14765.0	15000.0
89.34	19.8	-6667.17	12.1	10.14	20.17	82.09	43.74	78283	236.0	14764.0	15000.0
89.5	19.8	-6667.17	12.1	10.14	20.17	82.09	43.74	78284	237.0	14763.0	15000.0
89.66	19.8	-6668.03	12.12	10.19	19.61	82.09	43.75	78285	238.0	14762.0	15000.0
89.82	19.8	-6668.03	12.12	10.19	19.61	82.09	43.77	78286	239.0	14761.0	15000.0
89.98	19.8	-6671.02	12.08	10.11	19.17	85.44	43.78	78287	240.0	14760.0	15000.0
90.14	19.8	-6671.02	12.08	10.11	19.17	85.44	43.79	78288	241.0	14759.0	15000.0
90.3	19.8	-6668.88	12.09	10.23	19.56	80.77	43.79	78289	242.0	14758.0	15000.0
90.47	19.8	-6668.88	12.09	10.23	19.56	80.77	43.8	78290	243.0	14757.0	15000.0
90.63	19.8	-6666.75	12.01	10.14	21.48	83.74	43.81	78291	244.0	14756.0	15000.0
90.81	19.8	-6666.75	12.01	10.14	21.48	83.74	43.84	78292	245.0	14755.0	15000.0
90.98	19.8	-6668.88	12.1	10.19	18.65	84.07	43.86	78293	246.0	14754.0	15000.0
91.15	19.8	-6668.88	12.1	10.19	18.65	84.07	43.87	78294	247.0	14753.0	15000.0
91.33	19.8	-6662.9	12.04	10.14	20.12	83.08	43.88	78295	248.0	14752.0	15000.0
91.5	19.8	-6662.9	12.04	10.14	20.12	83.08	43.88	78296	249.0	14751.0	15000.0
91.67	19.8	-6665.04	12.1	10.17	21.05	82.43	43.89	78297	250.0	14750.0	15000.0
91.84	19.8	-6665.04	12.1	10.17	21.05	82.43	43.89	78298	251.0	14749.0	15000.0
92.0	19.7	-6669.74	12.09	10.17	20.41	82.23	43.9	78299	252.0	14748.0	15000.0
92.16	19.7	-6669.74	12.09	10.17	20.41	82.23	43.91	78300	253.0	14747.0	15000.0
92.31	19.7	-6667.17	12.08	10.23	19.59	81.75	43.93	78301	254.0	14746.0	15000.0
92.46	19.7	-6667.17	12.08	10.23	19.59	81.75	43.94	78302	255.0	14745.0	15000.0
92.6	19.7	-6673.16	12.03	10.15	19.0	85.38	43.95	78303	256.0	14744.0	15000.0
92.75	19.7	-6673.16	12.03	10.15	19.0	85.38	43.97	78304	257.0	14743.0	15000.0
92.9	19.7	-6671.02	12.03	10.14	20.83	84.36	43.99	78305	258.0	14742.0	15000.0
93.04	19.7	-6671.02	12.03	10.14	20.83	84.36	44.0	78306	259.0	14741.0	15000.0
93.19	19.7	-6666.32	12.08	10.18	18.42	84.19	44.01	78307	260.0	14740.0	15000.0
93.34	19.7	-6666.32	12.08	10.18	18.42	84.19	44.02	78308	261.0	14739.0	15000.0
93.5	19.8	-6666.75	12.01	10.21	20.7	82.17	44.03	78309	262.0	14738.0	15000.0
93.66	19.8	-6666.75	12.01	10.21	20.7	82.17	44.04	78310	263.0	14737.0	15000.0
93.82	19.8	-6667.6	12.05	10.2	20.49	83.75	44.05	78311	264.0	14736.0	15000.0
93.98	19.8	-6667.6	12.05	10.2	20.49	83.75	44.07	78312	265.0	14735.0	15000.0
94.14	19.8	-6665.04	12.02	10.11	17.72	85.99	44.08	78313	266.0	14734.0	15000.0
94.3	19.8	-6665.04	12.02	10.11	17.72	85.99	44.08	78314	267.0	14733.0	15000.0
94.46	19.8	-6665.46	12.08	10.21	19.33	82.04	44.08	78315	268.0	14732.0	15000.0
94.62	19.8	-6665.46	12.08	10.21	19.33	82.04	44.09	78316	269.0	14731.0	15000.0
94.78	19.8	-6671.02	12.03	10.15	20.3	85.47	44.1	78317	270.0	14730.0	15000.0
94.94	19.8	-6671.02	12.03	10.15	20.3	85.47	44.11	78318	271.0	14729.0	15000.0
95.1	19.8	-6669.31	12.06	10.31	20.63	80.73	44.12	78319	272.0	14728.0	15000.0
95.26	19.8	-6669.31	12.06	10.31	20.63	80.73	44.12	78320	273.0	14727.0	15000.0
95.42	19.8	-6669.31	12.06	10.31	20.63	80.73	44.12	78321	274.0	14726.0	15000.0
95.58	19.8	-6669.31	12.06	10.31	20.63	80.73	44.13	78322	275.0	14725.0	15000.0
95.74	19.8	-6668.46	12.02	10.25	21.33	82.16	44.15	78323	276.0	14724.0	15000.0
95.9	19.8	-6668.46	12.02	10.25	21.33	82.16	44.17	78324	277.0	14723.0	15000.0
96.06	19.8	-6667.6	12.09	10.22	19.12	82.08	44.18	78325	278.0	14722.0	15000.0
96.22	19.8	-6667.6	12.09	10.22	19.12	82.08	44.2	78326	279.0	14721.0	15000.0
96.38	19.8	-6668.03	11.98	10.16	21.69	84.53	44.21	78327	280.0	14720.0	15000.0
96.54	19.8	-6668.03	11.98	10.16	21.69	84.53	44.22	78328	281.0	14719.0	15000.0
96.7	19.8	-6665.04	12.1	10.14	18.69	84.62	44.22	78329	282.0	14718.0	15000.0
96.86	19.8	-6665.04	12.1	10.14	18.69	84.62	44.23	78330	283.0	14717.0	15000.0
97.01	19.8	-6665.46	12.09	10.14	16.77	84.47	44.24	78331	284.0	14716.0	15000.0
97.17	19.8	-6665.46	12.09	10.14	16.77	84.47	44.25	78332	285.0	14715.0	15000.0
97.32	19.8	-6671.02	12.03	10.25	21.8	82.61	44.26	78333	286.0	14714.0	15000.0
97.47	19.8	-6671.02	12.03	10.25	21.8	82.61	44.27	78334	287.0	14713.0	15000.0
97.62	19.8	-6668.03	12.01	10.17	19.13	83.83	44.27	78335	288.0	14712.0	15000.0
97.76	19.8	-6668.03	12.01	10.17	19.13	83.83	44.28	78336	289.0	14711.0	15000.0
97.91	19.8	-6666.75	12.02	10.33	21.18	80.74	44.29	78337	290.0	14710.0	15000.0
98.05	19.8	-6666.75	12.02	10.33	21.18	80.74	44.31	78338	291.0	14709.0	15000.0
98.2	19.8	-6667.6	12.0	10.19	19.99	84.35	44.33	78339	292.0	14708.0	15000.0
98.34	19.8	-6667.6	12.0	10.19	19.99	84.35	44.34	78340	293.0	14707.0	15000.0
98.48	19.8	-6668.46	12.08	10.24	18.07	83.04	44.34	78341	294.0	14706.0	15000.0
98.62	19.8	-6668.46	12.08	10.24	18.07	83.04	44.35	78342	295.0	14705.0	15000.0
98.76	19.8	-6662.9	11.97	10.26	21.27	84.61	44.36	78343	296.0	14704.0	15000.0
98.9	19.8	-6662.9	11.97	10.26	21.27	84.61	44.38	78344	297.0	14703.0	15000.0
99.04	19.8	-6666.75	12.08	10.14	17.07	85.25	44.39	78345	298.0	14702.0	15000.0
99.18	19.8	-6666.75	12.08	10.14	17.07	85.25	44.39	78346	299.0	14701.0	15000.0
99.32	19.8	-6666.32	12.06	10.26	19.98	82.12	44.4	78347	300.0	14700.0	15000.0
99.46	19.8	-6666.32	12.06	10.26	19.98	82.12	44.4	78348	301.0	14699.0	15000.0
99.6	19.9	-6668.03	12.04	10.29	19.33	81.84	44.41	78349	302.0	14698.0	15000.0
99.75	19.9	-6668.03	12.04	10.29	19.33	81.84	44.42	78350	303.0	14697.0	15000.0
99.89	19.9	-6669.31	11.98	10.21	20.85	84.94	44.43	78351	304.0	14696.0	15000.0
100.04	19.9	-6669.31	11.98	10.21	20.85	84.94	44.43	78352	305.0	14695.0	15000.0
100.19	19.9	-6669.31	11.98	10.21	20.85	84.94	44.43	78353	306.0	14694.0	15000.0
100.35	19.9	-6669.31	11.98	10.21	20.85	84.94	44.43	78354	307.0	14693.0	15000.0
100.5	19.9	-6668.88	12.06	10.34	17.61	80.8	44.44	78355	308.0	14692.0	15000.0
100.65	19.9	-6668.88	12.06	10.34	17.61	80.8	44.45	78356	309.0	14691.0	15000.0
100.8	19.9	-6668.88	12.03	10.32	20.39	82.46	44.46	78357	310.0	14690.0	15000.0
100.95	19.9	-6668.88	12.03	10.32	20.39	82.46	44.48	78358	311.0	14689.0	15000.0
101.1	19.9	-6668.03	12.02	10.22	18.35	83.33	44.49	78359	312.0	14688.0	15000.0
101.25	19.9	-6668.03	12.02	10.22	18.35	83.33	44.5	78360	313.0	14687.0	15000.0
101.39	19.9	-6666.32	12.04	10.27	20.26	82.89	44.5	78361	314.0	14686.0	15000.0
101.54	19.9	-6666.32	12.04	10.27	20.26	82.89	44.51	78362	315.0	14685.0	15000.0
101.68	19.9	-6669.74	12.01	10.23	18.9	85.32	44.52	78363	316.0	14684.0	15000.0
101.82	19.9	-6669.74	12.01	10.23	18.9	85.32	44.54	78364	317.0	14683.0	15000.0
101.96	19.9	-6668.03	11.93	10.25	21.27	84.3	44.55	78365	318.0	14682.0	15000.0
102.1	19.9	-6668.03	11.93	10.25	21.27	84.3	44.56	78366	319.0	14681.0	15000.0
102.24	19.9	-6668.03	12.05	10.31	17.19	81.61	44.57	78367	320.0	14680.0	15000.0
102.37	19.9	-6668.03	12.05	10.31	17.19	81.61	44.58	78368	321.0	14679.0	15000.0
102.5	19.8	-6662.9	12.02	10.2	19.12	83.51	44.59	78369	322.0	14678.0	15000.0
102.61	19.8	-6662.9	12.02	10.2	19.12	83.51	44.59	78370	323.0	14677.0	15000.0
102.7	19.8	-6671.02	11.98	10.42	20.77	80.61	44.6	78371	324.0	14676.0	15000.0
102.77	19.8	-6671.02	11.98	10.42	20.77	80.61	44.61	78372	325.0	14675.0	15000.0
102.82	19.8	-6665.89	12.09	10.27	18.04	83.05	44.63	78373	326.0	14674.0	15000.0
102.86	19.8	-6665.89	12.09	10.27	18.04	83.05	44.64	78374	327.0	14673.0	15000.0
102.9	19.8	-6668.03	11.94	10.29	21.27	82.49	44.65	78375	328.0	14672.0	15000.0
102.95	19.8	-6668.03	11.94	10.29	21.27	82.49	44.66	78376	329.0	14671.0	15000.0
103.01	19.8	-6663.33	12.03	10.23	20.29	84.06	44.67	78377	330.0	14670.0	15000.0
103.09	19.8	-6663.33	12.03	10.23	20.29	84.06	44.68	78378	331.0	14669.0	15000.0
103.2	19.7	-6670.16	12.04	10.19	17.17	85.34	44.7	78379	332.0	14668.0	15000.0
103.32	19.7	-6670.16	12.04	10.19	17.17	85.34	44.7	78380	333.0	14667.0	15000.0
103.45	19.7	-6668.88	12.01	10.31	20.92	81.31	44.7	78381	334.0	14666.0	15000.0
103.57	19.7	-6668.88	12.01	10.31	20.92	81.31	44.72	78382	335.0	14665.0	15000.0
103.7	19.7	-6665.46	12.0	10.3	19.48	82.4	44.73	78383	336.0	14664.0	15000.0
103.83	19.7	-6665.46	12.0	10.3	19.48	82.4	44.73	78384	337.0	14663.0	15000.0
103.96	19.7	-6666.32	12.09	10.39	17.88	80.49	44.73	78385	338.0	14662.0	15000.0
104.09	19.7	-6666.32	12.09	10.39	17.88	80.49	44.73	78386	339.0	14661.0	15000.0
104.23	19.7	-6666.32	12.09	10.39	17.88	80.49	44.73	78387	340.0	14660.0	15000.0
104.36	19.7	-6666.32	12.09	10.39	17.88	80.49	44.73	78388	341.0	14659.0	15000.0
104.5	19.8	-6667.17	11.93	10.29	20.3	82.99	44.73	78389	342.0	14658.0	15000.0
104.64	19.8	-6667.17	11.93	10.29	20.3	82.99	44.74	78390	343.0	14657.0	15000.0
104.78	19.8	-6662.9	12.0	10.41	21.0	80.84	44.75	78391	344.0	14656.0	15000.0
104.92	19.8	-6662.9	12.0	10.41	21.0	80.84	44.76	78392	345.0	14655.0	15000.0
105.06	19.8	-6667.17	12.0	10.27	18.43	84.27	44.77	78393	346.0	14654.0	15000.0
105.2	19.8	-6667.17	12.0	10.27	18.43	84.27	44.78	78394	347.0	14653.0	15000.0
105.35	19.8	-6668.03	12.04	10.35	18.17	82.45	44.79	78395	348.0	14652.0	15000.0
105.49	19.8	-6668.03	12.04	10.35	18.17	82.45	44.8	78396	349.0	14651.0	15000.0
105.63	19.8	-6666.75	12.03	10.29	18.34	83.75	44.81	78397	350.0	14650.0	15000.0
105.76	19.8	-6666.75	12.03	10.29	18.34	83.75	44.82	78398	351.0	14649.0	15000.0
105.9	19.8	-6665.89	12.03	10.26	17.38	82.86	44.83	78399	352.0	14648.0	15000.0
106.03	19.8	-6665.89	12.03	10.26	17.38	82.86	44.83	78400	353.0	14647.0	15000.0
106.17	19.8	-6670.59	11.93	10.34	21.38	83.81	44.83	78401	354.0	14646.0	15000.0
106.3	19.8	-6670.59	11.93	10.34	21.38	83.81	44.84	78402	355.0	14645.0	15000.0
106.42	19.8	-6666.32	11.95	10.33	19.63	82.78	44.85	78403	356.0	14644.0	15000.0
106.55	19.8	-6666.32	11.95	10.33	19.63	82.78	44.85	78404	357.0	14643.0	15000.0
106.68	19.8	-6669.31	11.99	10.44	20.97	81.35	44.86	78405	358.0	14642.0	15000.0
106.81	19.8	-6669.31	11.99	10.44	20.97	81.35	44.87	78406	359.0	14641.0	15000.0
106.94	19.8	-6666.75	12.01	10.3	17.88	83.92	44.88	78407	360.0	14640.0	15000.0
107.07	19.8	-6666.75	12.01	10.3	17.88	83.92	44.89	78408	361.0	14639.0	15000.0
107.2	19.7	-6669.31	12.04	10.38	18.88	81.69	44.9	78409	362.0	14638.0	15000.0
107.33	19.7	-6669.31	12.04	10.38	18.88	81.69	44.91	78410	363.0	14637.0	15000.0
107.47	19.7	-6667.17	11.97	10.31	19.9	84.42	44.92	78411	364.0	14636.0	15000.0
107.61	19.7	-6667.17	11.97	10.31	19.9	84.42	44.93	78412	365.0	14635.0	15000.0
107.76	19.7	-6662.47	12.02	10.3	17.44	81.85	44.93	78413	366.0	14634.0	15000.0
107.9	19.7	-6662.47	12.02	10.3	17.44	81.85	44.96	78414	367.0	14633.0	15000.0
108.04	19.7	-6670.16	12.04	10.35	18.51	82.4	44.99	78415	368.0	14632.0	15000.0
108.19	19.7	-6670.16	12.04	10.35	18.51	82.4	44.98	78416	369.0	14631.0	15000.0
108.33	19.7	-6668.03	11.99	10.26	18.3	84.14	44.97	78417	370.0	14630.0	15000.0
108.47	19.7	-6668.03	11.99	10.26	18.3	84.14	44.97	78418	371.0	14629.0	15000.0
108.6	19.8	-6668.03	11.99	10.26	18.3	84.14	44.97	78419	372.0	14628.0	15000.0
108.73	19.8	-6668.03	11.99	10.26	18.3	84.14	44.98	78420	373.0	14627.0	15000.0
108.84	19.8	-6664.61	12.01	10.47	20.03	79.55	45.0	78421	374.0	14626.0	15000.0
108.95	19.8	-6664.61	12.01	10.47	20.03	79.55	45.01	78422	375.0	14625.0	15000.0
109.06	19.8	-6667.17	11.97	10.32	18.02	84.24	45.02	78423	376.0	14624.0	15000.0
109.16	19.8	-6667.17	11.97	10.32	18.02	84.24	45.03	78424	377.0	14623.0	15000.0
109.26	19.8	-6668.46	12.02	10.37	18.1	83.28	45.03	78425	378.0	14622.0	15000.0
109.36	19.8	-6668.46	12.02	10.37	18.1	83.28	45.03	78426	379.0	14621.0	15000.0
109.47	19.8	-6669.31	12.0	10.41	20.21	82.17	45.03	78427	380.0	14620.0	15000.0
109.58	19.8	-6669.31	12.0	10.41	20.21	82.17	45.05	78428	381.0	14619.0	15000.0
109.7	19.8	-6668.46	12.03	10.28	16.91	84.99	45.07	78429	382.0	14618.0	15000.0
109.83	19.8	-6668.46	12.03	10.28	16.91	84.99	45.08	78430	383.0	14617.0	15000.0
109.97	19.8	-6666.75	11.99	10.4	20.03	80.69	45.08	78431	384.0	14616.0	15000.0
110.11	19.8	-6666.75	11.99	10.4	20.03	80.69	45.08	78432	385.0	14615.0	15000.0
110.26	19.8	-6665.89	11.97	10.38	19.04	81.51	45.08	78433	386.0	14614.0	15000.0
110.41	19.8	-6665.89	11.97	10.38	19.04	81.51	45.08	78434	387.0	14613.0	15000.0
110.56	19.8	-6668.88	11.97	10.32	18.42	85.25	45.09	78435	388.0	14612.0	15000.0
110.7	19.8	-6668.88	11.97	10.32	18.42	85.25	45.1	78436	389.0	14611.0	15000.0
110.84	19.8	-6666.32	11.99	10.46	19.3	79.98	45.11	78437	390.0	14610.0	15000.0
110.98	19.8	-6666.32	11.99	10.46	19.3	79.98	45.11	78438	391.0	14609.0	15000.0
111.1	19.8	-6668.46	12.02	10.39	17.85	83.17	45.12	78439	392.0	14608.0	15000.0
111.22	19.8	-6668.46	12.02	10.39	17.85	83.17	45.13	78440	393.0	14607.0	15000.0
111.33	19.8	-6665.04	11.96	10.38	19.42	82.1	45.15	78441	394.0	14606.0	15000.0
111.44	19.8	-6665.04	11.96	10.38	19.42	82.1	45.15	78442	395.0	14605.0	15000.0
111.54	19.8	-6671.02	11.97	10.39	20.47	83.37	45.16	78443	396.0	14604.0	15000.0
111.65	19.8	-6671.02	11.97	10.39	20.47	83.37	45.17	78444	397.0	14603.0	15000.0
111.76	19.8	-6662.9	11.97	10.29	17.4	85.38	45.18	78445	398.0	14602.0	15000.0
111.86	19.8	-6662.9	11.97	10.29	17.4	85.38	45.19	78446	399.0	14601.0	15000.0
111.97	19.8	-6668.03	11.99	10.43	18.71	81.18	45.19	78447	400.0	14600.0	15000.0
112.08	19.8	-6668.03	11.99	10.43	18.71	81.18	45.19	78448	401.0	14599.0	15000.0
112.2	19.8	-6668.03	11.99	10.43	18.71	81.18	45.19	78449	402.0	14598.0	15000.0
112.32	19.8	-6668.03	11.99	10.43	18.71	81.18	45.19	78450	403.0	14597.0	15000.0
112.44	19.8	-6670.59	11.93	10.37	20.01	84.35	45.2	78451	404.0	14596.0	15000.0
112.56	19.8	-6670.59	11.93	10.37	20.01	84.35	45.2	78452	405.0	14595.0	15000.0
112.68	19.8	-6665.46	12.03	10.43	16.93	81.38	45.21	78453	406.0	14594.0	15000.0
112.8	19.8	-6665.46	12.03	10.43	16.93	81.38	45.22	78454	407.0	14593.0	15000.0
112.92	19.8	-6670.59	11.96	10.48	19.04	82.57	45.23	78455	408.0	14592.0	15000.0
113.04	19.8	-6670.59	11.96	10.48	19.04	82.57	45.24	78456	409.0	14591.0	15000.0
113.16	19.8	-6668.88	11.96	10.36	17.91	82.79	45.25	78457	410.0	14590.0	15000.0
113.28	19.8	-6668.88	11.96	10.36	17.91	82.79	45.26	78458	411.0	14589.0	15000.0
113.4	19.8	-6667.17	11.99	10.3	17.17	85.02	45.28	78459	412.0	14588.0	15000.0
113.52	19.8	-6667.17	11.99	10.3	17.17	85.02	45.28	78460	413.0	14587.0	15000.0
113.63	19.8	-6663.76	12.02	10.36	17.99	84.13	45.28	78461	414.0	14586.0	15000.0
113.75	19.8	-6663.76	12.02	10.36	17.99	84.13	45.29	78462	415.0	14585.0	15000.0
113.86	19.8	-6665.46	12.03	10.32	16.22	83.86	45.3	78463	416.0	14584.0	15000.0
113.97	19.8	-6665.46	12.03	10.32	16.22	83.86	45.3	78464	417.0	14583.0	15000.0
114.08	19.8	-6671.45	11.94	10.42	21.6	82.87	45.31	78465	418.0	14582.0	15000.0
114.19	19.8	-6671.45	11.94	10.42	21.6	82.87	45.31	78466	419.0	14581.0	15000.0
114.29	19.8	-6667.17	11.97	10.43	17.52	82.5	45.32	78467	420.0	14580.0	15000.0
114.4	19.8	-6667.17	11.97	10.43	17.52	82.5	45.33	78468	421.0	14579.0	15000.0
114.5	19.8	-6665.04	11.97	10.51	20.52	80.82	45.34	78469	422.0	14578.0	15000.0
114.59	19.8	-6665.04	11.97	10.51	20.52	80.82	45.34	78470	423.0	14577.0	15000.0
114.66	19.8	-6668.88	11.91	10.39	18.25	84.51	45.35	78471	424.0	14576.0	15000.0
114.72	19.8	-6668.88	11.91	10.39	18.25	84.51	45.36	78472	425.0	14575.0	15000.0
114.76	19.8	-6664.61	12.0	10.41	17.45	83.55	45.38	78473	426.0	14574.0	15000.0
114.8	19.8	-6664.61	12.0	10.41	17.45	83.55	45.4	78474	427.0	14573.0	15000.0
114.84	19.8	-6671.02	11.9	10.45	19.52	81.63	45.41	78475	428.0	14572.0	15000.0
114.88	19.8	-6671.02	11.9	10.45	19.52	81.63	45.41	78476	429.0	14571.0	15000.0
114.94	19.8	-6671.02	11.9	10.45	19.52	81.63	45.41	78477	430.0	14570.0	15000.0
115.01	19.8	-6671.02	11.9	10.45	19.52	81.63	45.41	78478	431.0	14569.0	15000.0
115.1	19.8	-6667.17	11.99	10.34	16.66	84.67	45.42	78479	432.0	14568.0	15000.0
115.2	19.8	-6667.17	11.99	10.34	16.66	84.67	45.42	78480	433.0	14567.0	15000.0
115.31	19.8	-6668.03	11.95	10.47	19.64	81.04	45.43	78481	434.0	14566.0	15000.0
115.41	19.8	-6668.03	11.95	10.47	19.64	81.04	45.43	78482	435.0	14565.0	15000.0
115.52	19.8	-6667.6	11.98	10.44	19.12	81.6	45.43	78483	436.0	14564.0	15000.0
115.63	19.8	-6667.6	11.98	10.44	19.12	81.6	45.43	78484	437.0	14563.0	15000.0
115.74	19.8	-6665.89	11.93	10.37	18.76	85.03	45.44	78485	438.0	14562.0	15000.0
115.85	19.8	-6665.89	11.93	10.37	18.76	85.03	45.44	78486	439.0	14561.0	15000.0
115.97	19.8	-6670.16	11.99	10.55	18.5	79.63	45.44	78487	440.0	14560.0	15000.0
116.08	19.8	-6670.16	11.99	10.55	18.5	79.63	45.47	78488	441.0	14559.0	15000.0
116.2	19.8	-6669.74	11.89	10.49	19.4	81.04	45.5	78489	442.0	14558.0	15000.0
116.32	19.8	-6669.74	11.89	10.49	19.4	81.04	45.5	78490	443.0	14557.0	15000.0
116.44	19.8	-6664.61	11.94	10.48	19.93	81.82	45.5	78491	444.0	14556.0	15000.0
116.56	19.8	-6664.61	11.94	10.48	19.93	81.82	45.5	78492	445.0	14555.0	15000.0
116.69	19.8	-6666.32	11.95	10.37	17.65	85.3	45.51	78493	446.0	14554.0	15000.0
116.81	19.8	-6666.32	11.95	10.37	17.65	85.3	45.51	78494	447.0	14553.0	15000.0
116.93	19.8	-6663.33	12.0	10.42	18.12	82.94	45.52	78495	448.0	14552.0	15000.0
117.05	19.8	-6663.33	12.0	10.42	18.12	82.94	45.53	78496	449.0	14551.0	15000.0
117.17	19.8	-6667.6	11.97	10.4	16.92	82.98	45.54	78497	450.0	14550.0	15000.0
117.29	19.8	-6667.6	11.97	10.4	16.92	82.98	45.55	78498	451.0	14549.0	15000.0
117.4	19.8	-6666.32	11.98	10.48	18.06	81.25	45.56	78499	452.0	14548.0	15000.0
117.51	19.8	-6666.32	11.98	10.48	18.06	81.25	45.57	78500	453.0	14547.0	15000.0
117.61	19.8	-6669.74	11.96	10.39	17.73	84.59	45.57	78501	454.0	14546.0	15000.0
117.71	19.8	-6669.74	11.96	10.39	17.73	84.59	45.58	78502	455.0	14545.0	15000.0
117.81	19.8	-6666.75	11.95	10.57	19.78	79.68	45.59	78503	456.0	14544.0	15000.0
117.9	19.8	-6666.75	11.95	10.57	19.78	79.68	45.59	78504	457.0	14543.0	15000.0
118.0	19.8	-6666.75	11.95	10.57	19.78	79.68	45.59	78505	458.0	14542.0	15000.0
118.1	19.8	-6666.75	11.95	10.57	19.78	79.68	45.59	78506	459.0	14541.0	15000.0
118.19	19.8	-6670.59	11.9	10.43	19.18	83.11	45.6	78507	460.0	14540.0	15000.0
118.3	19.8	-6670.59	11.9	10.43	19.18	83.11	45.6	78508	461.0	14539.0	15000.0
118.4	19.8	-6665.04	11.88	10.45	20.38	82.73	45.61	78509	462.0	14538.0	15000.0
118.51	19.8	-6665.04	11.88	10.45	20.38	82.73	45.61	78510	463.0	14537.0	15000.0
118.62	19.8	-6665.46	11.96	10.45	18.68	83.28	45.6	78511	464.0	14536.0	15000.0
118.73	19.8	-6665.46	11.96	10.45	18.68	83.28	45.62	78512	465.0	14535.0	15000.0
118.84	19.8	-6663.33	11.98	10.32	16.72	85.27	45.65	78513	466.0	14534.0	15000.0
118.95	19.8	-6663.33	11.98	10.32	16.72	85.27	45.66	78514	467.0	14533.0	15000.0
119.06	19.8	-6665.46	11.96	10.49	18.87	81.59	45.66	78515	468.0	14532.0	15000.0
119.18	19.8	-6665.46	11.96	10.49	18.87	81.59	45.65	78516	469.0	14531.0	15000.0
119.29	19.8	-6669.31	11.96	10.39	18.28	85.15	45.64	78517	470.0	14530.0	15000.0
119.39	19.8	-6669.31	11.96	10.39	18.28	85.15	45.65	78518	471.0	14529.0	15000.0
119.5	19.7	-6669.31	11.97	10.58	19.62	79.42	45.67	78519	472.0	14528.0	15000.0
119.6	19.7	-6669.31	11.97	10.58	19.62	79.42	45.68	78520	473.0	14527.0	15000.0
119.71	19.7	-6665.89	11.87	10.46	19.14	82.86	45.69	78521	474.0	14526.0	15000.0
119.81	19.7	-6665.89	11.87	10.46	19.14	82.86	45.7	78522	475.0	14525.0	15000.0
119.9	19.7	-6665.89	11.94	10.47	17.57	83.0	45.7	78523	476.0	14524.0	15000.0
120.0	19.7	-6665.89	11.94	10.47	17.57	83.0	45.7	78524	477.0	14523.0	15000.0
120.1	19.7	-6665.04	11.92	10.46	18.8	81.78	45.7	78525	478.0	14522.0	15000.0
120.2	19.7	-6665.04	11.92	10.46	18.8	81.78	45.71	78526	479.0	14521.0	15000.0
120.3	19.7	-6665.46	11.97	10.48	18.93	81.02	45.72	78527	480.0	14520.0	15000.0
120.4	19.7	-6665.46	11.97	10.48	18.93	81.02	45.73	78528	481.0	14519.0	15000.0
120.5	19.8	-6667.17	11.98	10.45	17.86	81.92	45.74	78529	482.0	14518.0	15000.0
120.61	19.8	-6667.17	11.98	10.45	17.86	81.92	45.74	78530	483.0	14517.0	15000.0
120.72	19.8	-6668.46	11.91	10.47	19.94	83.98	45.74	78531	484.0	14516.0	15000.0
120.83	19.8	-6668.46	11.91	10.47	19.94	83.98	45.75	78532	485.0	14515.0	15000.0
120.95	19.8	-6667.17	11.97	10.54	17.01	80.37	45.76	78533	486.0	14514.0	15000.0
121.07	19.8	-6667.17	11.97	10.54	17.01	80.37	45.76	78534	487.0	14513.0	15000.0
121.18	19.8	-6667.17	11.97	10.54	17.01	80.37	45.76	78535	488.0	14512.0	15000.0
121.3	19.8	-6667.17	11.97	10.54	17.01	80.37	45.76	78536	489.0	14511.0	15000.0
121.4	19.8	-6668.03	11.92	10.45	20.19	82.72	45.76	78537	490.0	14510.0	15000.0
121.51	19.8	-6668.03	11.92	10.45	20.19	82.72	45.77	78538	491.0	14509.0	15000.0
121.6	19.8	-6668.03	11.89	10.6	19.11	82.03	45.78	78539	492.0	14508.0	15000.0
121.69	19.8	-6668.03	11.89	10.6	19.11	82.03	45.79	78540	493.0	14507.0	15000.0
121.78	19.8	-6666.75	11.95	10.45	17.45	83.31	45.8	78541	494.0	14506.0	15000.0
121.87	19.8	-6666.75	11.95	10.45	17.45	83.31	45.81	78542	495.0	14505.0	15000.0
121.96	19.8	-6665.04	11.96	10.51	18.86	81.31	45.81	78543	496.0	14504.0	15000.0
122.05	19.8	-6665.04	11.96	10.51	18.86	81.31	45.82	78544	497.0	14503.0	15000.0
122.14	19.8	-6667.6	11.88	10.42	19.44	84.36	45.83	78545	498.0	14502.0	15000.0
122.23	19.8	-6667.6	11.88	10.42	19.44	84.36	45.84	78546	499.0	14501.0	15000.0
122.32	19.8	-6664.61	11.98	10.45	16.69	82.09	45.84	78547	500.0	14500.0	15000.0
122.41	19.8	-6664.61	11.98	10.45	16.69	82.09	45.84	78548	501.0	14499.0	15000.0
122.5	19.7	-6669.31	11.89	10.48	20.97	83.26	45.84	78549	502.0	14498.0	15000.0
122.59	19.7	-6669.31	11.89	10.48	20.97	83.26	45.85	78550	503.0	14497.0	15000.0
122.68	19.7	-6668.88	12.0	10.53	16.51	81.57	45.86	78551	504.0	14496.0	15000.0
122.77	19.7	-6668.88	12.0	10.53	16.51	81.57	45.86	78552	505.0	14495.0	15000.0
122.86	19.7	-6668.03	11.9	10.44	18.07	82.89	45.86	78553	506.0	14494.0	15000.0
122.95	19.7	-6668.03	11.9	10.44	18.07	82.89	45.88	78554	507.0	14493.0	15000.0
123.04	19.7	-6664.61	11.93	10.44	19.02	83.55	45.91	78555	508.0	14492.0	15000.0
123.13	19.7	-6664.61	11.93	10.44	19.02	83.55	45.9	78556	509.0	14491.0	15000.0
123.22	19.7	-6667.17	11.99	10.47	16.96	82.83	45.89	78557	510.0	14490.0	15000.0
123.31	19.7	-6667.17	11.99	10.47	16.96	82.83	45.9	78558	511.0	14489.0	15000.0
123.4	19.8	-6665.46	11.9	10.49	20.55	81.85	45.92	78559	512.0	14488.0	15000.0
123.49	19.8	-6665.46	11.9	10.49	20.55	81.85	45.94	78560	513.0	14487.0	15000.0
123.59	19.8	-6666.32	11.96	10.4	16.21	84.53	45.95	78561	514.0	14486.0	15000.0
123.69	19.8	-6666.32	11.96	10.4	16.21	84.53	45.95	78562	515.0	14485.0	15000.0
123.8	19.8	-6665.46	11.98	10.48	19.21	81.48	45.95	78563	516.0	14484.0	15000.0
123.9	19.8	-6665.46	11.98	10.48	19.21	81.48	45.95	78564	517.0	14483.0	15000.0
124.0	19.8	-6665.46	11.98	10.48	19.21	81.48	45.95	78565	518.0	14482.0	15000.0
124.11	19.8	-6665.46	11.98	10.48	19.21	81.48	45.94	78566	519.0	14481.0	15000.0
124.21	19.8	-6668.46	11.91	10.53	18.69	81.48	45.94	78567	520.0	14480.0	15000.0
124.31	19.8	-6668.46	11.91	10.53	18.69	81.48	45.95	78568	521.0	14479.0	15000.0
124.4	19.8	-6665.89	11.91	10.43	18.08	84.93	45.96	78569	522.0	14478.0	15000.0
124.49	19.8	-6665.89	11.91	10.43	18.08	84.93	45.96	78570	523.0	14477.0	15000.0
124.58	19.8	-6665.46	11.88	10.46	19.94	82.31	45.96	78571	524.0	14476.0	15000.0
124.67	19.8	-6665.46	11.88	10.46	19.94	82.31	45.97	78572	525.0	14475.0	15000.0
124.76	19.8	-6673.58	11.97	10.52	17.32	82.62	45.99	78573	526.0	14474.0	15000.0
124.85	19.8	-6673.58	11.97	10.52	17.32	82.62	46.0	78574	527.0	14473.0	15000.0
124.94	19.8	-6669.74	11.93	10.47	18.11	83.52	46.0	78575	528.0	14472.0	15000.0
125.03	19.8	-6669.74	11.93	10.47	18.11	83.52	46.0	78576	529.0	14471.0	15000.0
125.12	19.8	-6669.74	11.93	10.47	18.11	83.52	46.0	78577	530.0	14470.0	15000.0
125.21	19.8	-6669.74	11.93	10.47	18.11	83.52	46.01	78578	531.0	14469.0	15000.0
125.3	19.8	-6668.88	11.9	10.51	20.89	81.44	46.03	78579	532.0	14468.0	15000.0
125.39	19.8	-6668.88	11.9	10.51	20.89	81.44	46.04	78580	533.0	14467.0	15000.0
125.48	19.8	-6667.17	11.94	10.52	17.99	82.14	46.06	78581	534.0	14466.0	15000.0
125.57	19.8	-6667.17	11.94	10.52	17.99	82.14	46.07	78582	535.0	14465.0	15000.0
125.66	19.8	-6665.46	11.92	10.43	17.72	84.82	46.07	78583	536.0	14464.0	15000.0
125.75	19.8	-6665.46	11.92	10.43	17.72	84.82	46.06	78584	537.0	14463.0	15000.0
125.84	19.8	-6666.32	11.89	10.5	19.65	82.31	46.05	78585	538.0	14462.0	15000.0
125.93	19.8	-6666.32	11.89	10.5	19.65	82.31	46.06	78586	539.0	14461.0	15000.0
126.02	19.8	-6668.03	11.95	10.56	19.11	82.51	46.07	78587	540.0	14460.0	15000.0
126.11	19.8	-6668.03	11.95	10.56	19.11	82.51	46.08	78588	541.0	14459.0	15000.0
126.2	19.8	-6668.03	11.91	10.52	18.65	81.42	46.09	78589	542.0	14458.0	15000.0
126.29	19.8	-6668.03	11.91	10.52	18.65	81.42	46.11	78590	543.0	14457.0	15000.0
126.39	19.8	-6668.88	11.88	10.49	19.89	82.91	46.13	78591	544.0	14456.0	15000.0
126.49	19.8	-6668.88	11.88	10.49	19.89	82.91	46.13	78592	545.0	14455.0	15000.0
126.59	19.8	-6665.46	11.93	10.45	16.36	84.39	46.13	78593	546.0	14454.0	15000.0
126.69	19.8	-6665.46	11.93	10.45	16.36	84.39	46.13	78594	547.0	14453.0	15000.0
126.79	19.8	-6668.46	11.92	10.57	18.53	81.6	46.13	78595	548.0	14452.0	15000.0
126.9	19.8	-6668.46	11.92	10.57	18.53	81.6	46.14	78596	549.0	14451.0	15000.0
127.0	19.8	-6668.88	11.91	10.47	17.7	84.55	46.15	78597	550.0	14450.0	15000.0
127.1	19.8	-6668.88	11.91	10.47	17.7	84.55	46.16	78598	551.0	14449.0	15000.0
127.2	19.8	-6671.02	11.92	10.67	18.76	78.74	46.16	78599	552.0	14448.0	15000.0
127.3	19.8	-6671.02	11.92	10.67	18.76	78.74	46.16	78600	553.0	14447.0	15000.0
127.39	19.8	-6666.75	11.86	10.51	18.27	83.22	46.16	78601	554.0	14446.0	15000.0
127.48	19.8	-6666.75	11.86	10.51	18.27	83.22	46.17	78602	555.0	14445.0	15000.0
127.58	19.8	-6664.61	11.85	10.54	19.98	82.13	46.18	78603	556.0	14444.0	15000.0
127.67	19.8	-6664.61	11.85	10.54	19.98	82.13	46.19	78604	557.0	14443.0	15000.0
127.76	19.8	-6664.18	11.91	10.54	18.46	82.9	46.2	78605	558.0	14442.0	15000.0
127.84	19.8	-6664.18	11.91	10.54	18.46	82.9	46.21	78606	559.0	14441.0	15000.0
127.93	19.8	-6661.62	11.92	10.43	16.8	85.24	46.21	78607	560.0	14440.0	15000.0
128.02	19.8	-6661.62	11.92	10.43	16.8	85.24	46.21	78608	561.0	14439.0	15000.0
128.1	19.8	-6667.6	11.99	10.53	18.02	81.21	46.2	78609	562.0	14438.0	15000.0
128.18	19.8	-6667.6	11.99	10.53	18.02	81.21	46.21	78610	563.0	14437.0	15000.0
128.24	19.8	-6661.62	11.96	10.49	17.16	81.62	46.22	78611	564.0	14436.0	15000.0
128.3	19.8	-6661.62	11.96	10.49	17.16	81.62	46.22	78612	565.0	14435.0	15000.0
128.35	19.8	-6661.62	11.96	10.49	17.16	81.62	46.22	78613	566.0	14434.0	15000.0
128.4	19.8	-6661.62	11.96	10.49	17.16	81.62	46.23	78614	567.0	14433.0	15000.0
128.45	19.8	-6670.59	11.97	10.58	16.17	81.23	46.23	78615	568.0	14432.0	15000.0
128.5	19.8	-6670.59	11.97	10.58	16.17	81.23	46.23	78616	569.0	14431.0	15000.0
128.56	19.8	-6667.6	11.86	10.54	18.87	81.79	46.23	78617	570.0	14430.0	15000.0
128.62	19.8	-6667.6	11.86	10.54	18.87	81.79	46.23	78618	571.0	14429.0	15000.0
128.7	19.8	-6669.74	11.89	10.6	18.86	82.28	46.24	78619	572.0	14428.0	15000.0
128.79	19.8	-6669.74	11.89	10.6	18.86	82.28	46.25	78620	573.0	14427.0	15000.0
128.88	19.8	-6668.46	11.86	10.54	17.92	81.43	46.26	78621	574.0	14426.0	15000.0
128.99	19.8	-6668.46	11.86	10.54	17.92	81.43	46.26	78622	575.0	14425.0	15000.0
129.09	19.8	-6662.9	11.97	10.54	18.3	81.23	46.27	78623	576.0	14424.0	15000.0
129.2	19.8	-6662.9	11.97	10.54	18.3	81.23	46.28	78624	577.0	14423.0	15000.0
129.31	19.8	-6664.18	11.85	10.55	20.02	81.94	46.29	78625	578.0	14422.0	15000.0
129.41	19.8	-6664.18	11.85	10.55	20.02	81.94	46.3	78626	579.0	14421.0	15000.0
129.52	19.8	-6668.03	11.94	10.49	16.58	82.87	46.3	78627	580.0	14420.0	15000.0
129.61	19.8	-6668.03	11.94	10.49	16.58	82.87	46.3	78628	581.0	14419.0	15000.0
129.7	19.8	-6667.17	11.85	10.56	20.45	81.77	46.3	78629	582.0	14418.0	15000.0
129.78	19.8	-6667.17	11.85	10.56	20.45	81.77	46.32	78630	583.0	14417.0	15000.0
129.86	19.8	-6664.61	11.91	10.59	17.15	81.31	46.34	78631	584.0	14416.0	15000.0
129.94	19.8	-6664.61	11.91	10.59	17.15	81.31	46.35	78632	585.0	14415.0	15000.0
130.02	19.8	-6670.59	11.92	10.51	17.71	83.78	46.35	78633	586.0	14414.0	15000.0
130.1	19.8	-6670.59	11.92	10.51	17.71	83.78	46.34	78634	587.0	14413.0	15000.0
130.18	19.8	-6669.74	11.96	10.66	20.38	80.62	46.34	78635	588.0	14412.0	15000.0
130.26	19.8	-6669.74	11.96	10.66	20.38	80.62	46.34	78636	589.0	14411.0	15000.0
130.34	19.8	-6671.02	11.93	10.57	17.49	81.79	46.35	78637	590.0	14410.0	15000.0
130.42	19.8	-6671.02	11.93	10.57	17.49	81.79	46.36	78638	591.0	14409.0	15000.0
130.5	19.8	-6669.74	11.87	10.55	20.33	81.89	46.37	78639	592.0	14408.0	15000.0
130.58	19.8	-6669.74	11.87	10.55	20.33	81.89	46.37	78640	593.0	14407.0	15000.0
130.67	19.8	-6668.46	11.99	10.54	17.13	82.54	46.37	78641	594.0	14406.0	15000.0
130.77	19.8	-6668.46	11.99	10.54	17.13	82.54	46.37	78642	595.0	14405.0	15000.0
130.86	19.8	-6669.31	11.97	10.54	16.95	81.46	46.38	78643	596.0	14404.0	15000.0
130.96	19.8	-6669.31	11.97	10.54	16.95	81.46	46.38	78644	597.0	14403.0	15000.0
131.05	19.8	-6664.18	11.97	10.63	15.97	80.92	46.39	78645	598.0	14402.0	15000.0
131.14	19.8	-6664.18	11.97	10.63	15.97	80.92	46.39	78646	599.0	14401.0	15000.0
131.23	19.8	-6666.32	11.89	10.51	18.03	82.09	46.39	78647	600.0	14400.0	15000.0
131.32	19.8	-6666.32	11.89	10.51	18.03	82.09	46.39	78648	601.0	14399.0	15000.0
131.4	19.8	-6665.89	11.89	10.64	20.11	80.17	46.4	78649	602.0	14398.0	15000.0
131.47	19.8	-6665.89	11.89	10.64	20.11	80.17	46.41	78650	603.0	14397.0	15000.0
131.51	19.8	-6669.74	11.88	10.52	17.96	83.86	46.42	78651	604.0	14396.0	15000.0
131.54	19.8	-6669.74	11.88	10.52	17.96	83.86	46.44	78652	605.0	14395.0	15000.0
131.56	19.8	-6666.32	11.85	10.58	19.69	81.44	46.45	78653	606.0	14394.0	15000.0
131.57	19.8	-6666.32	11.85	10.58	19.69	81.44	46.45	78654	607.0	14393.0	15000.0
131.58	19.8	-6666.75	11.92	10.54	18.07	83.09	46.44	78655	608.0	14392.0	15000.0
131.59	19.8	-6666.75	11.92	10.54	18.07	83.09	46.45	78656	609.0	14391.0	15000.0
131.61	19.8	-6668.03	11.92	10.52	16.26	82.76	46.46	78657	610.0	14390.0	15000.0
131.65	19.8	-6668.03	11.92	10.52	16.26	82.76	46.48	78658	611.0	14389.0	15000.0
131.7	19.7	-6665.89	11.91	10.58	17.68	81.69	46.5	78659	612.0	14388.0	15000.0
131.76	19.7	-6665.89	11.91	10.58	17.68	81.69	46.5	78660	613.0	14387.0	15000.0
131.83	19.7	-6667.6	11.9	10.53	17.11	83.97	46.5	78661	614.0	14386.0	15000.0
131.9	19.7	-6667.6	11.9	10.53	17.11	83.97	46.5	78662	615.0	14385.0	15000.0
131.96	19.7	-6667.6	11.9	10.53	17.11	83.97	46.5	78663	616.0	14384.0	15000.0
132.03	19.7	-6667.6	11.9	10.53	17.11	83.97	46.5	78664	617.0	14383.0	15000.0
132.1	19.7	-6671.02	11.88	10.51	16.93	84.02	46.5	78665	618.0	14382.0	15000.0
132.17	19.7	-6671.02	11.88	10.51	16.93	84.02	46.5	78666	619.0	14381.0	15000.0
132.25	19.7	-6666.75	11.91	10.61	17.6	81.43	46.51	78667	620.0	14380.0	15000.0
132.32	19.7	-6666.75	11.91	10.61	17.6	81.43	46.52	78668	621.0	14379.0	15000.0
132.4	19.8	-6663.76	11.84	10.6	19.6	81.68	46.53	78669	622.0	14378.0	15000.0
132.48	19.8	-6663.76	11.84	10.6	19.6	81.68	46.54	78670	623.0	14377.0	15000.0
132.56	19.8	-6665.04	11.9	10.52	18.9	83.51	46.55	78671	624.0	14376.0	15000.0
132.63	19.8	-6665.04	11.9	10.52	18.9	83.51	46.55	78672	625.0	14375.0	15000.0
132.71	19.8	-6669.31	11.88	10.61	19.75	80.83	46.55	78673	626.0	14374.0	15000.0
132.79	19.8	-6669.31	11.88	10.61	19.75	80.83	46.57	78674	627.0	14373.0	15000.0
132.87	19.8	-6664.61	11.88	10.58	18.45	81.67	46.58	78675	628.0	14372.0	15000.0
132.95	19.8	-6664.61	11.88	10.58	18.45	81.67	46.56	78676	629.0	14371.0	15000.0
133.04	19.8	-6665.89	11.88	10.52	18.15	84.8	46.55	78677	630.0	14370.0	15000.0
133.12	19.8	-6665.89	11.88	10.52	18.15	84.8	46.56	78678	631.0	14369.0	15000.0
133.2	19.8	-6667.17	11.91	10.68	17.89	79.39	46.57	78679	632.0	14368.0	15000.0
133.29	19.8	-6667.17	11.91	10.68	17.89	79.39	46.57	78680	633.0	14367.0	15000.0
133.37	19.8	-6667.17	11.84	10.56	19.15	82.17	46.57	78681	634.0	14366.0	15000.0
133.47	19.8	-6667.17	11.84	10.56	19.15	82.17	46.58	78682	635.0	14365.0	15000.0
133.56	19.8	-6666.75	11.85	10.67	19.24	81.18	46.59	78683	636.0	14364.0	15000.0
133.65	19.8	-6666.75	11.85	10.67	19.24	81.18	46.6	78684	637.0	14363.0	15000.0
133.75	19.8	-6669.74	11.9	10.53	17.17	82.73	46.61	78685	638.0	14362.0	15000.0
133.84	19.8	-6669.74	11.9	10.53	17.17	82.73	46.62	78686	639.0	14361.0	15000.0
133.93	19.8	-6667.17	11.89	10.6	19.31	81.57	46.62	78687	640.0	14360.0	15000.0
134.02	19.8	-6667.17	11.89	10.6	19.31	81.57	46.62	78688	641.0	14359.0	15000.0
134.1	19.7	-6666.75	11.93	10.54	17.55	83.08	46.62	78689	642.0	14358.0	15000.0
134.18	19.7	-6666.75	11.93	10.54	17.55	83.08	46.63	78690	643.0	14357.0	15000.0
134.25	19.7	-6665.89	11.92	10.59	16.43	80.95	46.64	78691	644.0	14356.0	15000.0
134.32	19.7	-6665.89	11.92	10.59	16.43	80.95	46.64	78692	645.0	14355.0	15000.0
134.39	19.7	-6666.75	11.92	10.63	16.3	81.46	46.64	78693	646.0	14354.0	15000.0
134.46	19.7	-6666.75	11.92	10.63	16.3	81.46	46.64	78694	647.0	14353.0	15000.0
134.52	19.7	-6666.75	11.92	10.63	16.3	81.46	46.64	78695	648.0	14352.0	15000.0
134.59	19.7	-6666.75	11.92	10.63	16.3	81.46	46.64	78696	649.0	14351.0	15000.0
134.66	19.7	-6665.89	11.87	10.56	17.57	82.61	46.65	78697	650.0	14350.0	15000.0
134.73	19.7	-6665.89	11.87	10.56	17.57	82.61	46.65	78698	651.0	14349.0	15000.0
134.8	19.8	-6669.31	11.88	10.64	17.92	82.82	46.66	78699	652.0	14348.0	15000.0
134.88	19.8	-6669.31	11.88	10.64	17.92	82.82	46.66	78700	653.0	14347.0	15000.0
134.96	19.8	-6667.17	11.86	10.57	16.96	82.86	46.66	78701	654.0	14346.0	15000.0
135.04	19.8	-6667.17	11.86	10.57	16.96	82.86	46.67	78702	655.0	14345.0	15000.0
135.12	19.8	-6664.61	11.92	10.6	17.06	81.84	46.68	78703	656.0	14344.0	15000.0
135.21	19.8	-6664.61	11.92	10.6	17.06	81.84	46.68	78704	657.0	14343.0	15000.0
135.29	19.8	-6670.16	11.9	10.56	17.57	83.53	46.69	78705	658.0	14342.0	15000.0
135.37	19.8	-6670.16	11.9	10.56	17.57	83.53	46.7	78706	659.0	14341.0	15000.0
135.45	19.8	-6666.32	11.83	10.64	20.45	81.34	46.71	78707	660.0	14340.0	15000.0
135.53	19.8	-6666.32	11.83	10.64	20.45	81.34	46.73	78708	661.0	14339.0	15000.0
135.6	19.8	-6668.03	11.89	10.62	17.38	81.34	46.75	78709	662.0	14338.0	15000.0
135.67	19.8	-6668.03	11.89	10.62	17.38	81.34	46.74	78710	663.0	14337.0	15000.0
135.73	19.8	-6669.74	11.88	10.54	17.1	82.95	46.72	78711	664.0	14336.0	15000.0
135.79	19.8	-6669.74	11.88	10.54	17.1	82.95	46.72	78712	665.0	14335.0	15000.0
135.84	19.8	-6665.04	11.84	10.62	18.01	82.68	46.73	78713	666.0	14334.0	15000.0
135.9	19.8	-6665.04	11.84	10.62	18.01	82.68	46.75	78714	667.0	14333.0	15000.0
135.96	19.8	-6668.03	11.92	10.63	16.27	82.28	46.76	78715	668.0	14332.0	15000.0
136.01	19.8	-6668.03	11.92	10.63	16.27	82.28	46.77	78716	669.0	14331.0	15000.0
136.07	19.8	-6668.88	11.82	10.61	20.0	82.05	46.77	78717	670.0	14330.0	15000.0
136.13	19.8	-6668.88	11.82	10.61	20.0	82.05	46.77	78718	671.0	14329.0	15000.0
136.2	19.8	-6666.32	11.87	10.6	18.26	82.66	46.78	78719	672.0	14328.0	15000.0
136.27	19.8	-6666.32	11.87	10.6	18.26	82.66	46.79	78720	673.0	14327.0	15000.0
136.34	19.8	-6667.6	11.91	10.55	15.91	84.09	46.8	78721	674.0	14326.0	15000.0
136.41	19.8	-6667.6	11.91	10.55	15.91	84.09	46.81	78722	675.0	14325.0	15000.0
136.48	19.8	-6664.61	11.86	10.68	17.71	81.29	46.81	78723	676.0	14324.0	15000.0
136.55	19.8	-6664.61	11.86	10.68	17.71	81.29	46.81	78724	677.0	14323.0	15000.0
136.62	19.8	-6664.61	11.86	10.68	17.71	81.29	46.81	78725	678.0	14322.0	15000.0
136.69	19.8	-6664.61	11.86	10.68	17.71	81.29	46.8	78726	679.0	14321.0	15000.0
136.76	19.8	-6667.6	11.8	10.57	18.01	84.25	46.8	78727	680.0	14320.0	15000.0
136.83	19.8	-6667.6	11.8	10.57	18.01	84.25	46.8	78728	681.0	14319.0	15000.0
136.9	19.8	-6666.32	11.93	10.63	16.51	80.7	46.8	78729	682.0	14318.0	15000.0
136.97	19.8	-6666.32	11.93	10.63	16.51	80.7	46.8	78730	683.0	14317.0	15000.0
137.04	19.8	-6667.17	11.85	10.65	19.18	82.65	46.81	78731	684.0	14316.0	15000.0
137.11	19.8	-6667.17	11.85	10.65	19.18	82.65	46.81	78732	685.0	14315.0	15000.0
137.18	19.8	-6669.74	11.84	10.7	18.62	81.61	46.82	78733	686.0	14314.0	15000.0
137.25	19.8	-6669.74	11.84	10.7	18.62	81.61	46.83	78734	687.0	14313.0	15000.0
137.32	19.8	-6667.17	11.88	10.58	16.97	83.19	46.84	78735	688.0	14312.0	15000.0
137.39	19.8	-6667.17	11.88	10.58	16.97	83.19	46.85	78736	689.0	14311.0	15000.0
137.46	19.8	-6667.6	11.84	10.58	17.93	84.15	46.86	78737	690.0	14310.0	15000.0
137.53	19.8	-6667.6	11.84	10.58	17.93	84.15	46.86	78738	691.0	14309.0	15000.0
137.6	19.8	-6665.46	11.92	10.6	17.24	82.33	46.85	78739	692.0	14308.0	15000.0
137.67	19.8	-6665.46	11.92	10.6	17.24	82.33	46.86	78740	693.0	14307.0	15000.0
137.73	19.8	-6665.89	11.83	10.63	20.52	82.59	46.87	78741	694.0	14306.0	15000.0
137.79	19.8	-6665.89	11.83	10.63	20.52	82.59	46.87	78742	695.0	14305.0	15000.0
137.85	19.8	-6666.75	11.87	10.62	16.74	82.17	46.88	78743	696.0	14304.0	15000.0
137.91	19.8	-6666.75	11.87	10.62	16.74	82.17	46.88	78744	697.0	14303.0	15000.0
137.97	19.8	-6667.17	11.86	10.7	19.83	80.23	46.89	78745	698.0	14302.0	15000.0
138.03	19.8	-6667.17	11.86	10.7	19.83	80.23	46.89	78746	699.0	14301.0	15000.0
138.08	19.8	-6669.31	11.85	10.6	17.88	83.41	46.9	78747	700.0	14300.0	15000.0
138.14	19.8	-6669.31	11.85	10.6	17.88	83.41	46.9	78748	701.0	14299.0	15000.0
138.2	19.8	-6669.74	11.89	10.63	17.13	81.68	46.91	78749	702.0	14298.0	15000.0
138.26	19.8	-6669.74	11.89	10.63	17.13	81.68	46.91	78750	703.0	14297.0	15000.0
138.32	19.8	-6643.25	10.76	10.43	18.29	72.38	46.92	78751	704.0	14296.0	15000.0
138.38	19.8	-6643.25	10.76	10.43	18.29	72.38	46.92	78752	705.0	14295.0	15000.0
138.44	19.8	-6643.25	10.76	10.43	18.29	72.38	46.92	78753	706.0	14294.0	15000.0
138.5	19.8	-6643.25	10.76	10.43	18.29	72.38	46.93	78754	707.0	14293.0	15000.0
138.56	19.8	-5592.65	9.04	9.19	17.37	72.16	46.93	78755	708.0	14292.0	15000.0
138.62	19.8	-5592.65	9.04	9.19	17.37	72.16	46.93	78756	709.0	14291.0	15000.0
138.68	19.8	-3875.55	6.13	7.06	18.88	73.87	46.92	78757	710.0	14290.0	15000.0
138.74	19.8	-3875.55	6.13	7.06	18.88	73.87	46.91	78758	711.0	14289.0	15000.0
138.8	19.8	-1213.81	1.7	3.77	17.45	72.35	46.9	78759	712.0	14288.0	15000.0
138.85	19.8	-1213.81	1.7	3.77	17.45	72.35	46.9	78760	713.0	14287.0	15000.0
138.89	19.8	-1084.35	1.76	3.72	15.66	71.85	46.91	78761	714.0	14286.0	15000.0
138.91	19.8	-1084.35	1.76	3.72	15.66	71.85	46.9	78762	715.0	14285.0	15000.0
138.93	19.8	-1065.98	1.64	3.68	17.74	70.98	46.9	78763	716.0	14284.0	15000.0
138.95	19.8	-1065.98	1.64	3.68	17.74	70.98	46.89	78764	717.0	14283.0	15000.0
138.98	19.8	-1074.1	1.63	3.65	18.71	70.98	46.89	78765	718.0	14282.0	15000.0
139.01	19.8	-1074.1	1.63	3.65	18.71	70.98	46.88	78766	719.0	14281.0	15000.0
139.05	19.8	-1068.54	1.68	3.63	17.77	70.24	46.88	78767	720.0	14280.0	15000.0
139.12	19.8	-1068.54	1.68	3.63	17.77	70.24	46.88	78768	721.0	14279.0	15000.0
139.2	19.8	-1044.19	1.69	3.66	17.1	67.41	46.87	78769	722.0	14278.0	15000.0
139.33	19.8	-1044.19	1.69	3.66	17.1	67.41	46.86	78770	723.0	14277.0	15000.0
139.5	19.8	-1059.14	1.64	3.63	17.63	68.76	46.84	78771	724.0	14276.0	15000.0
139.72	19.8	-1059.14	1.64	3.63	17.63	68.76	46.82	78772	725.0	14275.0	15000.0
139.98	19.8	-1044.19	1.53	3.56	18.06	68.35	46.81	78773	726.0	14274.0	15000.0
140.26	19.8	-1044.19	1.53	3.56	18.06	68.35	46.8	78774	727.0	14273.0	15000.0
140.57	19.8	-1051.03	1.59	3.59	17.21	67.47	46.8	78775	728.0	14272.0	15000.0
140.9	19.8	-1051.03	1.59	3.59	17.21	67.47	46.77	78776	729.0	14271.0	15000.0
141.23	19.8	-1037.35	1.45	3.61	19.44	65.53	46.74	78777	730.0	14270.0	15000.0
141.57	19.8	-1037.35	1.45	3.61	19.44	65.53	46.74	78778	731.0	14269.0	15000.0
141.9	19.8	-1037.35	1.45	3.61	19.44	65.53	46.74	78779	732.0	14268.0	15000.0
142.23	19.8	-1037.35	1.45	3.61	19.44	65.53	46.74	78780	733.0	14267.0	15000.0
142.56	19.8	-1033.51	1.6	3.61	17.62	64.31	46.73	78781	734.0	14266.0	15000.0
142.89	19.8	-1033.51	1.6	3.61	17.62	64.31	46.71	78782	735.0	14265.0	15000.0
143.22	19.8	-1030.52	1.5	3.48	15.31	65.77	46.69	78783	736.0	14264.0	15000.0
143.55	19.8	-1030.52	1.5	3.48	15.31	65.77	46.68	78784	737.0	14263.0	15000.0
143.89	19.8	-1030.09	1.6	3.59	17.07	63.77	46.68	78785	738.0	14262.0	15000.0
144.22	19.8	-1030.09	1.6	3.59	17.07	63.77	46.66	78786	739.0	14261.0	15000.0
144.55	19.8	-1019.84	1.39	3.44	16.93	65.32	46.64	78787	740.0	14260.0	15000.0
144.87	19.8	-1019.84	1.39	3.44	16.93	65.32	46.64	78788	741.0	14259.0	15000.0
145.2	19.8	-1019.84	1.5	3.58	18.2	62.5	46.64	78789	742.0	14258.0	15000.0
145.52	19.8	-1019.84	1.5	3.58	18.2	62.5	46.62	78790	743.0	14257.0	15000.0
145.85	19.8	-1021.12	1.36	3.41	17.44	64.96	46.59	78791	744.0	14256.0	15000.0
146.17	19.8	-1021.12	1.36	3.41	17.44	64.96	46.59	78792	745.0	14255.0	15000.0
146.49	19.8	-1001.46	1.58	3.46	13.17	63.23	46.59	78793	746.0	14254.0	15000.0
146.81	19.8	-1001.46	1.58	3.46	13.17	63.23	46.56	78794	747.0	14253.0	15000.0
147.13	19.8	-1021.12	1.39	3.55	18.75	62.19	46.54	78795	748.0	14252.0	15000.0
147.45	19.8	-1021.12	1.39	3.55	18.75	62.19	46.53	78796	749.0	14251.0	15000.0
147.77	19.8	-1007.87	1.43	3.43	16.21	63.26	46.53	78797	750.0	14250.0	15000.0
148.08	19.8	-1007.87	1.43	3.43	16.21	63.26	46.52	78798	751.0	14249.0	15000.0
148.4	19.8	-1012.57	1.4	3.54	18.31	60.93	46.5	78799	752.0	14248.0	15000.0
148.71	19.8	-1012.57	1.4	3.54	18.31	60.93	46.51	78800	753.0	14247.0	15000.0
149.01	19.8	-613.53	-0.14	1.58	0.0	-1.81	46.52	78801	754.0	14246.0	15000.0
149.31	19.8	-613.53	-0.14	1.58	0.0	-1.81	46.5	78802	755.0	14245.0	15000.0
