EinAnaTmpMotorWicklU2_20Hz	EinAnaTmpUmgebung_20Hz	XcpAnaDrzMotorIst_20Hz	XcpAnaSpgMotorD_20Hz	XcpAnaSpgMotorQ_20Hz	XcpAnaStrMotorD_20Hz	XcpAnaStrMotorQ_20Hz	XcpAnaTmpElektronik_20Hz	index	runtime	downtime	check_sum
73.04	20.1	-2463.93	6.34	5.75	25.12	82.95	33.56	202693	1512.0	13488.0	15000.0
73.02	20.1	-2463.93	6.34	5.75	25.12	82.95	33.57	202694	1513.0	13487.0	15000.0
72.99	20.1	-10181.7	5.08	17.67	-0.46	20.42	33.59	202695	1514.0	13486.0	15000.0
72.97	20.1	-10181.7	5.08	17.67	-0.46	20.42	33.6	202696	1515.0	13485.0	15000.0
72.95	20.1	-8995.66	3.99	15.31	-0.14	19.08	33.62	202697	1516.0	13484.0	15000.0
72.92	20.1	-8995.66	3.99	15.31	-0.14	19.08	33.64	202698	1517.0	13483.0	15000.0
72.9	20.1	-8292.42	9.26	13.63	7.74	46.32	33.66	202699	1518.0	13482.0	15000.0
72.87	20.1	-8292.42	9.26	13.63	7.74	46.32	33.66	202700	1519.0	13481.0	15000.0
72.84	20.1	-8292.42	9.26	13.63	7.74	46.32	33.66	202701	1520.0	13480.0	15000.0
72.81	20.1	-8292.42	9.26	13.63	7.74	46.32	33.67	202702	1521.0	13479.0	15000.0
72.77	20.1	-8398.8	10.36	13.43	7.25	51.71	33.68	202703	1522.0	13478.0	15000.0
72.72	20.1	-8398.8	10.36	13.43	7.25	51.71	33.7	202704	1523.0	13477.0	15000.0
72.66	20.1	-8501.34	11.17	13.36	11.62	56.5	33.73	202705	1524.0	13476.0	15000.0
72.59	20.1	-8501.34	11.17	13.36	11.62	56.5	33.74	202706	1525.0	13475.0	15000.0
72.5	20.1	-8576.96	11.73	13.33	10.87	59.5	33.75	202707	1526.0	13474.0	15000.0
72.41	20.1	-8576.96	11.73	13.33	10.87	59.5	33.77	202708	1527.0	13473.0	15000.0
72.3	20.0	-8640.2	12.1	13.37	12.86	61.72	33.8	202709	1528.0	13472.0	15000.0
72.17	20.0	-8640.2	12.1	13.37	12.86	61.72	33.82	202710	1529.0	13471.0	15000.0
72.03	20.0	-8681.64	12.47	13.4	11.11	63.08	33.85	202711	1530.0	13470.0	15000.0
71.87	20.0	-8681.64	12.47	13.4	11.11	63.08	33.88	202712	1531.0	13469.0	15000.0
71.7	20.0	-8720.09	12.7	13.45	12.26	64.75	33.9	202713	1532.0	13468.0	15000.0
71.53	20.0	-8720.09	12.7	13.45	12.26	64.75	33.92	202714	1533.0	13467.0	15000.0
71.35	20.0	-8746.58	12.91	13.49	12.36	63.34	33.94	202715	1534.0	13466.0	15000.0
71.18	20.0	-8746.58	12.91	13.49	12.36	63.34	33.97	202716	1535.0	13465.0	15000.0
71.01	20.0	-8765.81	13.01	13.5	11.56	65.03	34.01	202717	1536.0	13464.0	15000.0
70.85	20.0	-8765.81	13.01	13.5	11.56	65.03	34.07	202718	1537.0	13463.0	15000.0
70.7	20.0	-8785.03	13.09	13.49	14.7	68.11	34.14	202719	1538.0	13462.0	15000.0
70.56	20.0	-8785.03	13.09	13.49	14.7	68.11	34.18	202720	1539.0	13461.0	15000.0
70.42	20.0	-8793.15	13.22	13.53	11.86	63.87	34.21	202721	1540.0	13460.0	15000.0
70.28	20.0	-8793.15	13.22	13.53	11.86	63.87	34.21	202722	1541.0	13459.0	15000.0
70.14	20.0	-8793.15	13.22	13.53	11.86	63.87	34.21	202723	1542.0	13458.0	15000.0
70.01	20.0	-8793.15	13.22	13.53	11.86	63.87	34.23	202724	1543.0	13457.0	15000.0
69.88	20.0	-8799.13	13.28	13.54	11.54	66.52	34.26	202725	1544.0	13456.0	15000.0
69.75	20.0	-8799.13	13.28	13.54	11.54	66.52	34.26	202726	1545.0	13455.0	15000.0
69.63	20.0	-8799.13	13.28	13.54	11.54	66.52	34.26	202727	1546.0	13454.0	15000.0
69.51	20.0	-8799.13	13.28	13.54	11.54	66.52	34.32	202728	1547.0	13453.0	15000.0
69.4	20.1	-8804.26	13.28	13.49	10.94	67.43	34.38	202729	1548.0	13452.0	15000.0
69.3	20.1	-8804.26	13.28	13.49	10.94	67.43	34.43	202730	1549.0	13451.0	15000.0
69.2	20.1	-8804.69	13.29	13.55	11.37	65.71	34.47	202731	1550.0	13450.0	15000.0
69.1	20.1	-8804.69	13.29	13.55	11.37	65.71	34.51	202732	1551.0	13449.0	15000.0
69.01	20.1	-8806.82	13.34	13.55	11.94	64.81	34.54	202733	1552.0	13448.0	15000.0
68.92	20.1	-8806.82	13.34	13.55	11.94	64.81	34.57	202734	1553.0	13447.0	15000.0
68.83	20.1	-8802.55	13.28	13.55	13.59	66.31	34.59	202735	1554.0	13446.0	15000.0
68.74	20.1	-8802.55	13.28	13.55	13.59	66.31	34.64	202736	1555.0	13445.0	15000.0
68.66	20.1	-8806.82	13.26	13.52	14.29	68.36	34.68	202737	1556.0	13444.0	15000.0
68.58	20.1	-8806.82	13.26	13.52	14.29	68.36	34.7	202738	1557.0	13443.0	15000.0
68.5	20.1	-8810.67	13.29	13.51	12.66	67.52	34.72	202739	1558.0	13442.0	15000.0
68.42	20.1	-8810.67	13.29	13.51	12.66	67.52	34.75	202740	1559.0	13441.0	15000.0
68.34	20.1	-8805.97	13.31	13.54	11.76	67.03	34.78	202741	1560.0	13440.0	15000.0
68.27	20.1	-8805.97	13.31	13.54	11.76	67.03	34.81	202742	1561.0	13439.0	15000.0
68.19	20.1	-8807.68	13.32	13.51	13.06	68.22	34.84	202743	1562.0	13438.0	15000.0
68.12	20.1	-8807.68	13.32	13.51	13.06	68.22	34.88	202744	1563.0	13437.0	15000.0
68.05	20.1	-8810.67	13.3	13.56	11.92	65.72	34.92	202745	1564.0	13436.0	15000.0
67.98	20.1	-8810.67	13.3	13.56	11.92	65.72	34.95	202746	1565.0	13435.0	15000.0
67.92	20.1	-8811.52	13.28	13.57	15.27	65.54	34.97	202747	1566.0	13434.0	15000.0
67.86	20.1	-8811.52	13.28	13.57	15.27	65.54	35.0	202748	1567.0	13433.0	15000.0
67.8	20.0	-8810.67	13.32	13.52	11.54	67.95	35.03	202749	1568.0	13432.0	15000.0
67.75	20.0	-8810.67	13.32	13.52	11.54	67.95	35.07	202750	1569.0	13431.0	15000.0
67.7	20.0	-8806.39	13.33	13.52	11.74	66.17	35.11	202751	1570.0	13430.0	15000.0
67.65	20.0	-8806.39	13.33	13.52	11.74	66.17	35.13	202752	1571.0	13429.0	15000.0
67.6	20.0	-8811.95	13.28	13.51	12.45	68.02	35.15	202753	1572.0	13428.0	15000.0
67.56	20.0	-8811.95	13.28	13.51	12.45	68.02	35.18	202754	1573.0	13427.0	15000.0
67.52	20.0	-8808.96	13.35	13.55	12.01	64.47	35.21	202755	1574.0	13426.0	15000.0
67.49	20.0	-8808.96	13.35	13.55	12.01	64.47	35.23	202756	1575.0	13425.0	15000.0
67.46	20.0	-8812.38	13.29	13.54	13.03	67.94	35.25	202757	1576.0	13424.0	15000.0
67.43	20.0	-8812.38	13.29	13.54	13.03	67.94	35.28	202758	1577.0	13423.0	15000.0
67.4	20.2	-8807.68	13.31	13.52	11.01	66.54	35.31	202759	1578.0	13422.0	15000.0
67.38	20.2	-8807.68	13.31	13.52	11.01	66.54	35.34	202760	1579.0	13421.0	15000.0
67.35	20.2	-8811.52	13.29	13.58	11.71	66.33	35.37	202761	1580.0	13420.0	15000.0
67.33	20.2	-8811.52	13.29	13.58	11.71	66.33	35.37	202762	1581.0	13419.0	15000.0
67.31	20.2	-8811.52	13.29	13.58	11.71	66.33	35.37	202763	1582.0	13418.0	15000.0
67.29	20.2	-8811.52	13.29	13.58	11.71	66.33	35.4	202764	1583.0	13417.0	15000.0
67.27	20.2	-8812.38	13.33	13.56	12.64	65.36	35.42	202765	1584.0	13416.0	15000.0
67.25	20.2	-8812.38	13.33	13.56	12.64	65.36	35.44	202766	1585.0	13415.0	15000.0
67.23	20.2	-8811.09	13.26	13.51	12.45	67.54	35.46	202767	1586.0	13414.0	15000.0
67.22	20.2	-8811.09	13.26	13.51	12.45	67.54	35.48	202768	1587.0	13413.0	15000.0
67.2	20.1	-8811.52	13.3	13.49	11.04	67.55	35.51	202769	1588.0	13412.0	15000.0
67.19	20.1	-8811.52	13.3	13.49	11.04	67.55	35.54	202770	1589.0	13411.0	15000.0
67.17	20.1	-8807.25	13.32	13.57	11.79	66.05	35.57	202771	1590.0	13410.0	15000.0
67.16	20.1	-8807.25	13.32	13.57	11.79	66.05	35.58	202772	1591.0	13409.0	15000.0
67.14	20.1	-8811.09	13.32	13.52	11.67	65.21	35.59	202773	1592.0	13408.0	15000.0
67.13	20.1	-8811.09	13.32	13.52	11.67	65.21	35.61	202774	1593.0	13407.0	15000.0
67.12	20.1	-8808.1	13.28	13.57	14.06	66.8	35.64	202775	1594.0	13406.0	15000.0
67.11	20.1	-8808.1	13.28	13.57	14.06	66.8	35.69	202776	1595.0	13405.0	15000.0
67.11	20.1	-8808.96	13.31	13.53	11.97	67.18	35.73	202777	1596.0	13404.0	15000.0
67.1	20.1	-8808.96	13.31	13.53	11.97	67.18	35.75	202778	1597.0	13403.0	15000.0
67.1	20.1	-8809.81	13.31	13.52	12.46	68.69	35.77	202779	1598.0	13402.0	15000.0
67.1	20.1	-8809.81	13.31	13.52	12.46	68.69	35.78	202780	1599.0	13401.0	15000.0
67.1	20.1	-8811.95	13.29	13.55	12.92	66.54	35.8	202781	1600.0	13400.0	15000.0
67.11	20.1	-8811.95	13.29	13.55	12.92	66.54	35.82	202782	1601.0	13399.0	15000.0
67.12	20.1	-8808.1	13.28	13.56	14.7	66.67	35.84	202783	1602.0	13398.0	15000.0
67.12	20.1	-8808.1	13.28	13.56	14.7	66.67	35.86	202784	1603.0	13397.0	15000.0
67.14	20.1	-8811.09	13.25	13.56	12.43	67.4	35.88	202785	1604.0	13396.0	15000.0
67.15	20.1	-8811.09	13.25	13.56	12.43	67.4	35.9	202786	1605.0	13395.0	15000.0
67.16	20.1	-8809.81	13.31	13.53	11.67	66.16	35.93	202787	1606.0	13394.0	15000.0
67.18	20.1	-8809.81	13.31	13.53	11.67	66.16	35.95	202788	1607.0	13393.0	15000.0
67.2	20.1	-8806.82	13.34	13.54	11.6	68.23	35.96	202789	1608.0	13392.0	15000.0
67.22	20.1	-8806.82	13.34	13.54	11.6	68.23	35.96	202790	1609.0	13391.0	15000.0
67.24	20.1	-8806.82	13.34	13.54	11.6	68.23	35.96	202791	1610.0	13390.0	15000.0
67.26	20.1	-8806.82	13.34	13.54	11.6	68.23	35.97	202792	1611.0	13389.0	15000.0
67.28	20.1	-8811.09	13.3	13.58	12.09	65.81	35.99	202793	1612.0	13388.0	15000.0
67.3	20.1	-8811.09	13.3	13.58	12.09	65.81	36.01	202794	1613.0	13387.0	15000.0
67.32	20.1	-8810.24	13.26	13.55	13.72	68.05	36.03	202795	1614.0	13386.0	15000.0
67.34	20.1	-8810.24	13.26	13.55	13.72	68.05	36.05	202796	1615.0	13385.0	15000.0
67.36	20.1	-8806.82	13.37	13.55	9.83	66.9	36.06	202797	1616.0	13384.0	15000.0
67.38	20.1	-8806.82	13.37	13.55	9.83	66.9	36.06	202798	1617.0	13383.0	15000.0
67.4	20.0	-8812.38	13.28	13.57	13.58	66.8	36.07	202799	1618.0	13382.0	15000.0
67.42	20.0	-8812.38	13.28	13.57	13.58	66.8	36.09	202800	1619.0	13381.0	15000.0
67.44	20.0	-8809.81	13.31	13.59	11.3	66.77	36.11	202801	1620.0	13380.0	15000.0
67.45	20.0	-8809.81	13.31	13.59	11.3	66.77	36.13	202802	1621.0	13379.0	15000.0
67.47	20.0	-8807.68	13.3	13.58	14.14	66.87	36.14	202803	1622.0	13378.0	15000.0
67.49	20.0	-8807.68	13.3	13.58	14.14	66.87	36.15	202804	1623.0	13377.0	15000.0
67.51	20.0	-8806.39	13.27	13.47	12.93	70.18	36.17	202805	1624.0	13376.0	15000.0
67.53	20.0	-8806.39	13.27	13.47	12.93	70.18	36.19	202806	1625.0	13375.0	15000.0
67.55	20.0	-8810.24	13.29	13.62	12.76	65.63	36.21	202807	1626.0	13374.0	15000.0
67.57	20.0	-8810.24	13.29	13.62	12.76	65.63	36.22	202808	1627.0	13373.0	15000.0
67.6	20.0	-8811.09	13.35	13.52	11.25	67.85	36.23	202809	1628.0	13372.0	15000.0
67.63	20.0	-8811.09	13.35	13.52	11.25	67.85	36.24	202810	1629.0	13371.0	15000.0
67.66	20.0	-8815.37	13.28	13.57	13.87	66.32	36.25	202811	1630.0	13370.0	15000.0
67.69	20.0	-8815.37	13.28	13.57	13.87	66.32	36.27	202812	1631.0	13369.0	15000.0
67.72	20.0	-8810.67	13.26	13.49	12.64	69.4	36.29	202813	1632.0	13368.0	15000.0
67.75	20.0	-8810.67	13.26	13.49	12.64	69.4	36.29	202814	1633.0	13367.0	15000.0
67.78	20.0	-8807.68	13.3	13.59	12.81	65.8	36.29	202815	1634.0	13366.0	15000.0
67.81	20.0	-8807.68	13.3	13.59	12.81	65.8	36.31	202816	1635.0	13365.0	15000.0
67.84	20.0	-8810.67	13.29	13.44	11.86	69.23	36.33	202817	1636.0	13364.0	15000.0
67.87	20.0	-8810.67	13.29	13.44	11.86	69.23	36.34	202818	1637.0	13363.0	15000.0
67.9	20.1	-8808.53	13.37	13.61	11.9	65.83	36.36	202819	1638.0	13362.0	15000.0
67.93	20.1	-8808.53	13.37	13.61	11.9	65.83	36.38	202820	1639.0	13361.0	15000.0
67.96	20.1	-8810.67	13.27	13.55	12.02	66.59	36.4	202821	1640.0	13360.0	15000.0
67.99	20.1	-8810.67	13.27	13.55	12.02	66.59	36.4	202822	1641.0	13359.0	15000.0
68.02	20.1	-8810.67	13.27	13.55	12.02	66.59	36.4	202823	1642.0	13358.0	15000.0
68.05	20.1	-8810.67	13.27	13.55	12.02	66.59	36.42	202824	1643.0	13357.0	15000.0
68.08	20.1	-8805.97	13.28	13.53	12.73	66.97	36.44	202825	1644.0	13356.0	15000.0
68.11	20.1	-8805.97	13.28	13.53	12.73	66.97	36.44	202826	1645.0	13355.0	15000.0
68.14	20.1	-8809.39	13.31	13.59	11.97	67.1	36.44	202827	1646.0	13354.0	15000.0
68.17	20.1	-8809.39	13.31	13.59	11.97	67.1	36.45	202828	1647.0	13353.0	15000.0
68.2	20.1	-8808.1	13.29	13.58	12.18	66.19	36.47	202829	1648.0	13352.0	15000.0
68.23	20.1	-8808.1	13.29	13.58	12.18	66.19	36.48	202830	1649.0	13351.0	15000.0
68.28	20.1	-8808.96	13.25	13.62	14.56	66.0	36.5	202831	1650.0	13350.0	15000.0
68.32	20.1	-8808.96	13.25	13.62	14.56	66.0	36.5	202832	1651.0	13349.0	15000.0
68.38	20.1	-8806.39	13.36	13.53	11.34	67.62	36.5	202833	1652.0	13348.0	15000.0
68.43	20.1	-8806.39	13.36	13.53	11.34	67.62	36.51	202834	1653.0	13347.0	15000.0
68.49	20.1	-8809.39	13.28	13.49	12.87	68.35	36.52	202835	1654.0	13346.0	15000.0
68.55	20.1	-8809.39	13.28	13.49	12.87	68.35	36.54	202836	1655.0	13345.0	15000.0
68.6	20.1	-8809.39	13.32	13.57	10.96	66.93	36.55	202837	1656.0	13344.0	15000.0
68.65	20.1	-8809.39	13.32	13.57	10.96	66.93	36.56	202838	1657.0	13343.0	15000.0
68.7	20.1	-8813.66	13.22	13.57	14.86	65.91	36.57	202839	1658.0	13342.0	15000.0
68.74	20.1	-8813.66	13.22	13.57	14.86	65.91	36.59	202840	1659.0	13341.0	15000.0
68.78	20.1	-8809.39	13.31	13.55	11.24	67.35	36.6	202841	1660.0	13340.0	15000.0
68.82	20.1	-8809.39	13.31	13.55	11.24	67.35	36.61	202842	1661.0	13339.0	15000.0
68.86	20.1	-8809.39	13.34	13.56	11.35	65.62	36.61	202843	1662.0	13338.0	15000.0
68.89	20.1	-8809.39	13.34	13.56	11.35	65.62	36.61	202844	1663.0	13337.0	15000.0
68.93	20.1	-8810.67	13.29	13.55	10.96	67.64	36.62	202845	1664.0	13336.0	15000.0
68.97	20.1	-8810.67	13.29	13.55	10.96	67.64	36.63	202846	1665.0	13335.0	15000.0
69.01	20.1	-8807.25	13.29	13.61	12.95	64.46	36.64	202847	1666.0	13334.0	15000.0
69.05	20.1	-8807.25	13.29	13.61	12.95	64.46	36.65	202848	1667.0	13333.0	15000.0
69.1	20.1	-8812.38	13.31	13.55	11.82	68.0	36.66	202849	1668.0	13332.0	15000.0
69.15	20.1	-8812.38	13.31	13.55	11.82	68.0	36.66	202850	1669.0	13331.0	15000.0
69.2	20.1	-8811.09	13.28	13.58	11.0	65.91	36.67	202851	1670.0	13330.0	15000.0
69.25	20.1	-8811.09	13.28	13.58	11.0	65.91	36.68	202852	1671.0	13329.0	15000.0
69.3	20.1	-8811.09	13.3	13.53	12.17	68.18	36.7	202853	1672.0	13328.0	15000.0
69.35	20.1	-8811.09	13.3	13.53	12.17	68.18	36.71	202854	1673.0	13327.0	15000.0
69.4	20.1	-8810.24	13.3	13.6	12.0	65.69	36.72	202855	1674.0	13326.0	15000.0
69.45	20.1	-8810.24	13.3	13.6	12.0	65.69	36.72	202856	1675.0	13325.0	15000.0
69.5	20.1	-8809.39	13.26	13.63	13.95	66.33	36.72	202857	1676.0	13324.0	15000.0
69.55	20.1	-8809.39	13.26	13.63	13.95	66.33	36.74	202858	1677.0	13323.0	15000.0
69.6	20.1	-8807.68	13.31	13.54	12.69	66.92	36.75	202859	1678.0	13322.0	15000.0
69.65	20.1	-8807.68	13.31	13.54	12.69	66.92	36.75	202860	1679.0	13321.0	15000.0
69.7	20.1	-8811.52	13.25	13.56	12.56	67.0	36.75	202861	1680.0	13320.0	15000.0
69.75	20.1	-8811.52	13.25	13.56	12.56	67.0	36.75	202862	1681.0	13319.0	15000.0
69.8	20.1	-8811.52	13.25	13.56	12.56	67.0	36.75	202863	1682.0	13318.0	15000.0
69.85	20.1	-8811.52	13.25	13.56	12.56	67.0	36.76	202864	1683.0	13317.0	15000.0
69.9	20.1	-8809.81	13.28	13.57	11.38	67.22	36.77	202865	1684.0	13316.0	15000.0
69.95	20.1	-8809.81	13.28	13.57	11.38	67.22	36.78	202866	1685.0	13315.0	15000.0
70.0	20.1	-8813.66	13.24	13.62	14.67	66.28	36.79	202867	1686.0	13314.0	15000.0
70.05	20.1	-8813.66	13.24	13.62	14.67	66.28	36.8	202868	1687.0	13313.0	15000.0
70.1	20.1	-8808.1	13.3	13.55	11.4	67.26	36.8	202869	1688.0	13312.0	15000.0
70.15	20.1	-8808.1	13.3	13.55	11.4	67.26	36.81	202870	1689.0	13311.0	15000.0
70.19	20.1	-8807.25	13.34	13.56	11.27	66.06	36.83	202871	1690.0	13310.0	15000.0
70.23	20.1	-8807.25	13.34	13.56	11.27	66.06	36.82	202872	1691.0	13309.0	15000.0
70.27	20.1	-8811.95	13.29	13.59	11.42	66.81	36.82	202873	1692.0	13308.0	15000.0
70.3	20.1	-8811.95	13.29	13.59	11.42	66.81	36.83	202874	1693.0	13307.0	15000.0
70.34	20.1	-8811.95	13.26	13.57	12.77	66.39	36.84	202875	1694.0	13306.0	15000.0
70.38	20.1	-8811.95	13.26	13.57	12.77	66.39	36.84	202876	1695.0	13305.0	15000.0
70.41	20.1	-8808.96	13.23	13.62	12.92	66.29	36.85	202877	1696.0	13304.0	15000.0
70.46	20.1	-8808.96	13.23	13.62	12.92	66.29	36.86	202878	1697.0	13303.0	15000.0
70.5	20.0	-8806.82	13.3	13.53	11.2	66.64	36.87	202879	1698.0	13302.0	15000.0
70.55	20.0	-8806.82	13.3	13.53	11.2	66.64	36.87	202880	1699.0	13301.0	15000.0
70.61	20.0	-8814.51	13.26	13.59	12.19	67.57	36.87	202881	1700.0	13300.0	15000.0
70.67	20.0	-8814.51	13.26	13.59	12.19	67.57	36.88	202882	1701.0	13299.0	15000.0
70.73	20.0	-8808.1	13.22	13.64	14.39	66.16	36.9	202883	1702.0	13298.0	15000.0
70.8	20.0	-8808.1	13.22	13.64	14.39	66.16	36.92	202884	1703.0	13297.0	15000.0
70.87	20.0	-8809.81	13.3	13.55	10.18	67.08	36.94	202885	1704.0	13296.0	15000.0
70.93	20.0	-8809.81	13.3	13.55	10.18	67.08	36.93	202886	1705.0	13295.0	15000.0
70.99	20.0	-8811.95	13.24	13.57	13.82	66.75	36.92	202887	1706.0	13294.0	15000.0
71.05	20.0	-8811.95	13.24	13.57	13.82	66.75	36.93	202888	1707.0	13293.0	15000.0
71.1	20.1	-8808.53	13.29	13.6	11.0	66.19	36.94	202889	1708.0	13292.0	15000.0
71.14	20.1	-8808.53	13.29	13.6	11.0	66.19	36.95	202890	1709.0	13291.0	15000.0
71.19	20.1	-8811.09	13.26	13.66	13.53	64.56	36.96	202891	1710.0	13290.0	15000.0
71.23	20.1	-8811.09	13.26	13.66	13.53	64.56	36.97	202892	1711.0	13289.0	15000.0
71.26	20.1	-8809.81	13.27	13.51	12.65	69.1	36.97	202893	1712.0	13288.0	15000.0
71.3	20.1	-8809.81	13.27	13.51	12.65	69.1	36.97	202894	1713.0	13287.0	15000.0
71.34	20.1	-8808.96	13.27	13.61	12.87	65.99	36.98	202895	1714.0	13286.0	15000.0
71.37	20.1	-8808.96	13.27	13.61	12.87	65.99	36.99	202896	1715.0	13285.0	15000.0
71.41	20.1	-8812.38	13.27	13.58	12.1	65.84	37.0	202897	1716.0	13284.0	15000.0
71.46	20.1	-8812.38	13.27	13.58	12.1	65.84	37.01	202898	1717.0	13283.0	15000.0
71.5	20.0	-8806.82	13.29	13.64	12.02	63.84	37.01	202899	1718.0	13282.0	15000.0
71.55	20.0	-8806.82	13.29	13.64	12.02	63.84	37.0	202900	1719.0	13281.0	15000.0
71.6	20.0	-8811.09	13.22	13.59	13.39	67.69	37.0	202901	1720.0	13280.0	15000.0
71.65	20.0	-8811.09	13.22	13.59	13.39	67.69	37.0	202902	1721.0	13279.0	15000.0
71.7	20.0	-8811.52	13.28	13.58	12.52	66.8	37.01	202903	1722.0	13278.0	15000.0
71.75	20.0	-8811.52	13.28	13.58	12.52	66.8	37.01	202904	1723.0	13277.0	15000.0
71.8	20.0	-8811.52	13.28	13.58	12.52	66.8	37.01	202905	1724.0	13276.0	15000.0
71.86	20.0	-8811.52	13.28	13.58	12.52	66.8	37.02	202906	1725.0	13275.0	15000.0
71.91	20.0	-8806.39	13.27	13.63	12.4	65.44	37.04	202907	1726.0	13274.0	15000.0
71.95	20.0	-8806.39	13.27	13.63	12.4	65.44	37.04	202908	1727.0	13273.0	15000.0
72.0	20.0	-8809.39	13.29	13.57	11.26	65.24	37.03	202909	1728.0	13272.0	15000.0
72.04	20.0	-8809.39	13.29	13.57	11.26	65.24	37.03	202910	1729.0	13271.0	15000.0
72.08	20.0	-8810.24	13.26	13.59	13.63	66.36	37.04	202911	1730.0	13270.0	15000.0
72.12	20.0	-8810.24	13.26	13.59	13.63	66.36	37.05	202912	1731.0	13269.0	15000.0
72.16	20.0	-8808.96	13.26	13.5	11.98	68.19	37.07	202913	1732.0	13268.0	15000.0
72.2	20.0	-8808.96	13.26	13.5	11.98	68.19	37.08	202914	1733.0	13267.0	15000.0
72.24	20.0	-8808.53	13.26	13.55	12.93	66.99	37.09	202915	1734.0	13266.0	15000.0
72.28	20.0	-8808.53	13.26	13.55	12.93	66.99	37.09	202916	1735.0	13265.0	15000.0
72.32	20.0	-8809.39	13.32	13.53	10.58	67.49	37.08	202917	1736.0	13264.0	15000.0
72.36	20.0	-8809.39	13.32	13.53	10.58	67.49	37.08	202918	1737.0	13263.0	15000.0
72.4	20.0	-8808.96	13.28	13.62	13.66	65.87	37.08	202919	1738.0	13262.0	15000.0
72.45	20.0	-8808.96	13.28	13.62	13.66	65.87	37.09	202920	1739.0	13261.0	15000.0
72.49	20.0	-8809.39	13.2	13.48	12.59	69.26	37.1	202921	1740.0	13260.0	15000.0
72.54	20.0	-8809.39	13.2	13.48	12.59	69.26	37.1	202922	1741.0	13259.0	15000.0
72.59	20.0	-8810.24	13.24	13.66	12.62	65.13	37.1	202923	1742.0	13258.0	15000.0
72.64	20.0	-8810.24	13.24	13.66	12.62	65.13	37.11	202924	1743.0	13257.0	15000.0
72.69	20.0	-8811.09	13.25	13.6	11.82	66.55	37.13	202925	1744.0	13256.0	15000.0
72.74	20.0	-8811.09	13.25	13.6	11.82	66.55	37.14	202926	1745.0	13255.0	15000.0
72.79	20.0	-8812.38	13.27	13.54	12.82	66.31	37.14	202927	1746.0	13254.0	15000.0
72.85	20.0	-8812.38	13.27	13.54	12.82	66.31	37.13	202928	1747.0	13253.0	15000.0
72.9	20.1	-8810.24	13.21	13.59	13.75	68.02	37.13	202929	1748.0	13252.0	15000.0
72.96	20.1	-8810.24	13.21	13.59	13.75	68.02	37.13	202930	1749.0	13251.0	15000.0
73.01	20.1	-8810.24	13.25	13.57	12.09	66.08	37.14	202931	1750.0	13250.0	15000.0
73.07	20.1	-8810.24	13.25	13.57	12.09	66.08	37.14	202932	1751.0	13249.0	15000.0
73.14	20.1	-8811.52	13.25	13.62	12.75	65.42	37.15	202933	1752.0	13248.0	15000.0
73.2	20.1	-8811.52	13.25	13.62	12.75	65.42	37.15	202934	1753.0	13247.0	15000.0
73.26	20.1	-8812.38	13.3	13.63	12.01	64.29	37.14	202935	1754.0	13246.0	15000.0
73.32	20.1	-8812.38	13.3	13.63	12.01	64.29	37.15	202936	1755.0	13245.0	15000.0
73.38	20.1	-8809.39	13.21	13.59	13.89	68.04	37.17	202937	1756.0	13244.0	15000.0
73.44	20.1	-8809.39	13.21	13.59	13.89	68.04	37.17	202938	1757.0	13243.0	15000.0
73.5	20.0	-8811.52	13.22	13.56	12.23	66.42	37.17	202939	1758.0	13242.0	15000.0
73.56	20.0	-8811.52	13.22	13.56	12.23	66.42	37.18	202940	1759.0	13241.0	15000.0
73.61	20.0	-8811.09	13.27	13.61	12.23	64.19	37.19	202941	1760.0	13240.0	15000.0
73.67	20.0	-8811.09	13.27	13.61	12.23	64.19	37.19	202942	1761.0	13239.0	15000.0
73.73	20.0	-8811.09	13.27	13.61	12.23	64.19	37.19	202943	1762.0	13238.0	15000.0
73.78	20.0	-8811.09	13.27	13.61	12.23	64.19	37.19	202944	1763.0	13237.0	15000.0
73.84	20.0	-8809.81	13.22	13.57	13.64	66.15	37.19	202945	1764.0	13236.0	15000.0
73.88	20.0	-8809.81	13.22	13.57	13.64	66.15	37.19	202946	1765.0	13235.0	15000.0
73.93	20.0	-8808.1	13.25	13.63	12.71	66.41	37.2	202947	1766.0	13234.0	15000.0
73.97	20.0	-8808.1	13.25	13.63	12.71	66.41	37.2	202948	1767.0	13233.0	15000.0
74.0	20.1	-8811.09	13.26	13.59	11.96	66.3	37.21	202949	1768.0	13232.0	15000.0
74.03	20.1	-8811.09	13.26	13.59	11.96	66.3	37.21	202950	1769.0	13231.0	15000.0
74.06	20.1	-8810.67	13.28	13.49	11.55	68.9	37.21	202951	1770.0	13230.0	15000.0
74.09	20.1	-8810.67	13.28	13.49	11.55	68.9	37.22	202952	1771.0	13229.0	15000.0
74.12	20.1	-8813.23	13.24	13.63	12.3	65.03	37.24	202953	1772.0	13228.0	15000.0
74.15	20.1	-8813.23	13.24	13.63	12.3	65.03	37.23	202954	1773.0	13227.0	15000.0
74.18	20.1	-8808.1	13.21	13.65	14.03	66.88	37.23	202955	1774.0	13226.0	15000.0
74.21	20.1	-8808.1	13.21	13.65	14.03	66.88	37.24	202956	1775.0	13225.0	15000.0
74.24	20.1	-8806.39	13.26	13.58	10.93	67.02	37.25	202957	1776.0	13224.0	15000.0
74.27	20.1	-8806.39	13.26	13.58	10.93	67.02	37.26	202958	1777.0	13223.0	15000.0
74.3	20.0	-8807.68	13.31	13.62	11.26	65.15	37.26	202959	1778.0	13222.0	15000.0
74.33	20.0	-8807.68	13.31	13.62	11.26	65.15	37.26	202960	1779.0	13221.0	15000.0
74.36	20.0	-8815.37	13.29	13.57	11.74	67.24	37.26	202961	1780.0	13220.0	15000.0
74.39	20.0	-8815.37	13.29	13.57	11.74	67.24	37.25	202962	1781.0	13219.0	15000.0
74.42	20.0	-8809.81	13.25	13.58	13.22	65.89	37.25	202963	1782.0	13218.0	15000.0
74.45	20.0	-8809.81	13.25	13.58	13.22	65.89	37.25	202964	1783.0	13217.0	15000.0
74.48	20.0	-8808.53	13.27	13.54	11.65	68.36	37.26	202965	1784.0	13216.0	15000.0
74.51	20.0	-8808.53	13.27	13.54	11.65	68.36	37.27	202966	1785.0	13215.0	15000.0
74.54	20.0	-8808.53	13.28	13.58	11.27	65.91	37.28	202967	1786.0	13214.0	15000.0
74.57	20.0	-8808.53	13.28	13.58	11.27	65.91	37.28	202968	1787.0	13213.0	15000.0
74.6	20.0	-8805.97	13.22	13.6	12.38	66.76	37.27	202969	1788.0	13212.0	15000.0
74.63	20.0	-8805.97	13.22	13.6	12.38	66.76	37.28	202970	1789.0	13211.0	15000.0
74.68	20.0	-8811.09	13.25	13.62	11.74	66.05	37.29	202971	1790.0	13210.0	15000.0
74.73	20.0	-8811.09	13.25	13.62	11.74	66.05	37.29	202972	1791.0	13209.0	15000.0
74.78	20.0	-8810.24	13.24	13.65	15.05	65.7	37.29	202973	1792.0	13208.0	15000.0
74.84	20.0	-8810.24	13.24	13.65	15.05	65.7	37.3	202974	1793.0	13207.0	15000.0
74.9	20.0	-8809.81	13.28	13.57	11.65	67.13	37.31	202975	1794.0	13206.0	15000.0
74.95	20.0	-8809.81	13.28	13.57	11.65	67.13	37.3	202976	1795.0	13205.0	15000.0
75.01	20.0	-8811.09	13.25	13.61	13.72	66.42	37.3	202977	1796.0	13204.0	15000.0
75.06	20.0	-8811.09	13.25	13.61	13.72	66.42	37.31	202978	1797.0	13203.0	15000.0
75.1	20.1	-8808.1	13.24	13.6	11.38	66.53	37.31	202979	1798.0	13202.0	15000.0
75.14	20.1	-8808.1	13.24	13.6	11.38	66.53	37.31	202980	1799.0	13201.0	15000.0
75.17	20.1	-8808.1	13.24	13.6	11.38	66.53	37.31	202981	1800.0	13200.0	15000.0
75.2	20.1	-8808.1	13.24	13.6	11.38	66.53	37.31	202982	1801.0	13199.0	15000.0
75.22	20.1	-8806.82	13.24	13.67	12.96	64.15	37.32	202983	1802.0	13198.0	15000.0
75.25	20.1	-8806.82	13.24	13.67	12.96	64.15	37.31	202984	1803.0	13197.0	15000.0
75.28	20.1	-8812.8	13.26	13.58	12.09	67.71	37.31	202985	1804.0	13196.0	15000.0
75.3	20.1	-8812.8	13.26	13.58	12.09	67.71	37.32	202986	1805.0	13195.0	15000.0
75.33	20.1	-8811.52	13.28	13.58	11.05	65.5	37.33	202987	1806.0	13194.0	15000.0
75.36	20.1	-8811.52	13.28	13.58	11.05	65.5	37.34	202988	1807.0	13193.0	15000.0
75.4	20.1	-8811.95	13.25	13.65	11.37	65.4	37.34	202989	1808.0	13192.0	15000.0
75.44	20.1	-8811.95	13.25	13.65	11.37	65.4	37.34	202990	1809.0	13191.0	15000.0
75.49	20.1	-8811.09	13.23	13.63	14.02	64.82	37.34	202991	1810.0	13190.0	15000.0
75.54	20.1	-8811.09	13.23	13.63	14.02	64.82	37.35	202992	1811.0	13189.0	15000.0
75.6	20.1	-8808.1	13.3	13.54	10.57	66.37	37.36	202993	1812.0	13188.0	15000.0
75.65	20.1	-8808.1	13.3	13.54	10.57	66.37	37.35	202994	1813.0	13187.0	15000.0
75.7	20.1	-8814.51	13.22	13.57	12.36	67.91	37.34	202995	1814.0	13186.0	15000.0
75.76	20.1	-8814.51	13.22	13.57	12.36	67.91	37.35	202996	1815.0	13185.0	15000.0
75.81	20.1	-8813.23	13.23	13.61	12.56	65.8	37.37	202997	1816.0	13184.0	15000.0
75.86	20.1	-8813.23	13.23	13.61	12.56	65.8	37.36	202998	1817.0	13183.0	15000.0
75.9	20.1	-8811.52	13.22	13.57	11.69	67.84	37.36	202999	1818.0	13182.0	15000.0
75.94	20.1	-8811.52	13.22	13.57	11.69	67.84	37.37	203000	1819.0	13181.0	15000.0
75.97	20.1	-8806.39	13.29	13.63	11.02	65.23	37.38	203001	1820.0	13180.0	15000.0
76.0	20.1	-8806.39	13.29	13.63	11.02	65.23	37.38	203002	1821.0	13179.0	15000.0
76.02	20.1	-8808.53	13.23	13.63	12.84	66.24	37.37	203003	1822.0	13178.0	15000.0
76.05	20.1	-8808.53	13.23	13.63	12.84	66.24	37.37	203004	1823.0	13177.0	15000.0
76.07	20.1	-8810.24	13.22	13.64	12.1	64.29	37.37	203005	1824.0	13176.0	15000.0
76.1	20.1	-8810.24	13.22	13.64	12.1	64.29	37.38	203006	1825.0	13175.0	15000.0
76.13	20.1	-8810.67	13.19	13.57	13.89	67.33	37.39	203007	1826.0	13174.0	15000.0
76.16	20.1	-8810.67	13.19	13.57	13.89	67.33	37.4	203008	1827.0	13173.0	15000.0
76.2	20.0	-8807.25	13.25	13.54	12.53	68.99	37.41	203009	1828.0	13172.0	15000.0
76.25	20.0	-8807.25	13.25	13.54	12.53	68.99	37.41	203010	1829.0	13171.0	15000.0
76.29	20.0	-8811.09	13.27	13.61	13.11	66.41	37.4	203011	1830.0	13170.0	15000.0
76.35	20.0	-8811.09	13.27	13.61	13.11	66.41	37.41	203012	1831.0	13169.0	15000.0
76.4	20.0	-8812.8	13.24	13.61	11.56	66.03	37.41	203013	1832.0	13168.0	15000.0
76.45	20.0	-8812.8	13.24	13.61	11.56	66.03	37.41	203014	1833.0	13167.0	15000.0
76.51	20.0	-8812.8	13.24	13.61	11.56	66.03	37.41	203015	1834.0	13166.0	15000.0
76.56	20.0	-8812.8	13.24	13.61	11.56	66.03	37.4	203016	1835.0	13165.0	15000.0
76.61	20.0	-8812.38	13.24	13.59	12.82	67.36	37.4	203017	1836.0	13164.0	15000.0
76.66	20.0	-8812.38	13.24	13.59	12.82	67.36	37.41	203018	1837.0	13163.0	15000.0
76.7	20.1	-8809.81	13.23	13.53	12.55	69.18	37.42	203019	1838.0	13162.0	15000.0
76.74	20.1	-8809.81	13.23	13.53	12.55	69.18	37.42	203020	1839.0	13161.0	15000.0
76.78	20.1	-8808.96	13.21	13.59	13.08	66.07	37.42	203021	1840.0	13160.0	15000.0
76.82	20.1	-8808.96	13.21	13.59	13.08	66.07	37.43	203022	1841.0	13159.0	15000.0
76.86	20.1	-8812.38	13.24	13.63	11.94	65.73	37.44	203023	1842.0	13158.0	15000.0
76.9	20.1	-8812.38	13.24	13.63	11.94	65.73	37.43	203024	1843.0	13157.0	15000.0
76.94	20.1	-8808.53	13.29	13.61	12.17	64.4	37.43	203025	1844.0	13156.0	15000.0
76.98	20.1	-8808.53	13.29	13.61	12.17	64.4	37.44	203026	1845.0	13155.0	15000.0
77.02	20.1	-8808.1	13.21	13.55	14.77	68.31	37.44	203027	1846.0	13154.0	15000.0
77.06	20.1	-8808.1	13.21	13.55	14.77	68.31	37.44	203028	1847.0	13153.0	15000.0
77.1	20.1	-8807.68	13.24	13.65	12.45	66.19	37.44	203029	1848.0	13152.0	15000.0
77.14	20.1	-8807.68	13.24	13.65	12.45	66.19	37.44	203030	1849.0	13151.0	15000.0
77.18	20.1	-8810.67	13.28	13.58	11.02	67.42	37.45	203031	1850.0	13150.0	15000.0
77.22	20.1	-8810.67	13.28	13.58	11.02	67.42	37.45	203032	1851.0	13149.0	15000.0
77.26	20.1	-8811.52	13.22	13.63	12.76	65.53	37.45	203033	1852.0	13148.0	15000.0
77.3	20.1	-8811.52	13.22	13.63	12.76	65.53	37.46	203034	1853.0	13147.0	15000.0
77.34	20.1	-8813.23	13.18	13.63	13.51	66.85	37.46	203035	1854.0	13146.0	15000.0
77.38	20.1	-8813.23	13.18	13.63	13.51	66.85	37.46	203036	1855.0	13145.0	15000.0
77.42	20.1	-8807.25	13.27	13.56	11.33	66.93	37.46	203037	1856.0	13144.0	15000.0
77.46	20.1	-8807.25	13.27	13.56	11.33	66.93	37.46	203038	1857.0	13143.0	15000.0
77.5	20.0	-8807.25	13.27	13.56	11.33	66.93	37.46	203039	1858.0	13142.0	15000.0
77.54	20.0	-8807.25	13.27	13.56	11.33	66.93	37.46	203040	1859.0	13141.0	15000.0
77.58	20.0	-8806.82	13.23	13.54	13.29	67.96	37.46	203041	1860.0	13140.0	15000.0
77.62	20.0	-8806.82	13.23	13.54	13.29	67.96	37.46	203042	1861.0	13139.0	15000.0
77.66	20.0	-8810.67	13.28	13.61	11.51	67.19	37.47	203043	1862.0	13138.0	15000.0
77.7	20.0	-8810.67	13.28	13.61	11.51	67.19	37.47	203044	1863.0	13137.0	15000.0
77.74	20.0	-8813.23	13.19	13.66	14.84	64.89	37.47	203045	1864.0	13136.0	15000.0
77.78	20.0	-8813.23	13.19	13.66	14.84	64.89	37.47	203046	1865.0	13135.0	15000.0
77.82	20.0	-8810.67	13.24	13.58	11.73	67.5	37.48	203047	1866.0	13134.0	15000.0
77.86	20.0	-8810.67	13.24	13.58	11.73	67.5	37.48	203048	1867.0	13133.0	15000.0
77.9	20.0	-8808.53	13.29	13.59	11.34	65.8	37.48	203049	1868.0	13132.0	15000.0
77.94	20.0	-8808.53	13.29	13.59	11.34	65.8	37.49	203050	1869.0	13131.0	15000.0
77.97	20.0	-8812.8	13.2	13.63	11.79	66.51	37.49	203051	1870.0	13130.0	15000.0
78.0	20.0	-8812.8	13.2	13.63	11.79	66.51	37.49	203052	1871.0	13129.0	15000.0
78.03	20.0	-8809.39	13.21	13.69	13.81	63.87	37.48	203053	1872.0	13128.0	15000.0
78.06	20.0	-8809.39	13.21	13.69	13.81	63.87	37.48	203054	1873.0	13127.0	15000.0
78.09	20.0	-8812.8	13.24	13.58	12.43	67.63	37.48	203055	1874.0	13126.0	15000.0
78.11	20.0	-8812.8	13.24	13.58	12.43	67.63	37.49	203056	1875.0	13125.0	15000.0
78.14	20.0	-8813.23	13.27	13.63	11.18	65.14	37.5	203057	1876.0	13124.0	15000.0
78.17	20.0	-8813.23	13.27	13.63	11.18	65.14	37.5	203058	1877.0	13123.0	15000.0
78.2	20.0	-8811.95	13.25	13.62	12.15	66.7	37.5	203059	1878.0	13122.0	15000.0
78.23	20.0	-8811.95	13.25	13.62	12.15	66.7	37.5	203060	1879.0	13121.0	15000.0
78.27	20.0	-8808.1	13.28	13.64	12.45	64.35	37.51	203061	1880.0	13120.0	15000.0
78.31	20.0	-8808.1	13.28	13.64	12.45	64.35	37.52	203062	1881.0	13119.0	15000.0
78.36	20.0	-8811.52	13.19	13.59	13.68	67.24	37.52	203063	1882.0	13118.0	15000.0
78.4	20.0	-8811.52	13.19	13.59	13.68	67.24	37.52	203064	1883.0	13117.0	15000.0
78.44	20.0	-8810.24	13.23	13.55	10.47	67.05	37.51	203065	1884.0	13116.0	15000.0
78.49	20.0	-8810.24	13.23	13.55	10.47	67.05	37.51	203066	1885.0	13115.0	15000.0
78.53	20.0	-8809.39	13.21	13.64	13.61	66.59	37.51	203067	1886.0	13114.0	15000.0
78.57	20.0	-8809.39	13.21	13.64	13.61	66.59	37.51	203068	1887.0	13113.0	15000.0
78.6	20.1	-8803.83	13.29	13.6	11.26	66.91	37.52	203069	1888.0	13112.0	15000.0
78.63	20.1	-8803.83	13.29	13.6	11.26	66.91	37.52	203070	1889.0	13111.0	15000.0
78.64	20.1	-8809.81	13.26	13.65	11.96	65.68	37.53	203071	1890.0	13110.0	15000.0
78.64	20.1	-8809.81	13.26	13.65	11.96	65.68	37.53	203072	1891.0	13109.0	15000.0
78.64	20.1	-8809.81	13.26	13.65	11.96	65.68	37.53	203073	1892.0	13108.0	15000.0
78.64	20.1	-8809.81	13.26	13.65	11.96	65.68	37.54	203074	1893.0	13107.0	15000.0
78.64	20.1	-8810.24	13.17	13.61	14.31	67.94	37.54	203075	1894.0	13106.0	15000.0
78.64	20.1	-8810.24	13.17	13.61	14.31	67.94	37.54	203076	1895.0	13105.0	15000.0
78.65	20.1	-8809.81	13.24	13.66	11.83	65.81	37.54	203077	1896.0	13104.0	15000.0
78.67	20.1	-8809.81	13.24	13.66	11.83	65.81	37.53	203078	1897.0	13103.0	15000.0
78.7	20.0	-8810.67	13.24	13.59	11.3	66.95	37.53	203079	1898.0	13102.0	15000.0
78.74	20.0	-8810.67	13.24	13.59	11.3	66.95	37.53	203080	1899.0	13101.0	15000.0
78.78	20.0	-8806.82	13.24	13.67	13.17	65.95	37.54	203081	1900.0	13100.0	15000.0
78.82	20.0	-8806.82	13.24	13.67	13.17	65.95	37.55	203082	1901.0	13099.0	15000.0
78.86	20.0	-8811.95	13.22	13.61	11.46	67.27	37.55	203083	1902.0	13098.0	15000.0
78.9	20.0	-8811.95	13.22	13.61	11.46	67.27	37.56	203084	1903.0	13097.0	15000.0
78.94	20.0	-8812.38	13.23	13.61	11.69	65.72	37.57	203085	1904.0	13096.0	15000.0
78.98	20.0	-8812.38	13.23	13.61	11.69	65.72	37.56	203086	1905.0	13095.0	15000.0
79.02	20.0	-8807.25	13.23	13.62	11.13	66.35	37.55	203087	1906.0	13094.0	15000.0
79.06	20.0	-8807.25	13.23	13.62	11.13	66.35	37.56	203088	1907.0	13093.0	15000.0
79.1	20.0	-8806.82	13.25	13.64	11.96	65.54	37.57	203089	1908.0	13092.0	15000.0
79.14	20.0	-8806.82	13.25	13.64	11.96	65.54	37.57	203090	1909.0	13091.0	15000.0
79.18	20.0	-8811.52	13.17	13.68	14.55	66.14	37.57	203091	1910.0	13090.0	15000.0
79.22	20.0	-8811.52	13.17	13.68	14.55	66.14	37.57	203092	1911.0	13089.0	15000.0
79.26	20.0	-8811.95	13.22	13.6	12.21	66.81	37.57	203093	1912.0	13088.0	15000.0
79.3	20.0	-8811.95	13.22	13.6	12.21	66.81	37.57	203094	1913.0	13087.0	15000.0
79.34	20.0	-8811.09	13.22	13.65	13.32	66.34	37.57	203095	1914.0	13086.0	15000.0
79.38	20.0	-8811.09	13.22	13.65	13.32	66.34	37.57	203096	1915.0	13085.0	15000.0
79.42	20.0	-8814.51	13.26	13.63	11.3	66.13	37.58	203097	1916.0	13084.0	15000.0
79.46	20.0	-8814.51	13.26	13.63	11.3	66.13	37.58	203098	1917.0	13083.0	15000.0
79.5	20.1	-8808.1	13.22	13.67	14.39	65.99	37.58	203099	1918.0	13082.0	15000.0
79.53	20.1	-8808.1	13.22	13.67	14.39	65.99	37.58	203100	1919.0	13081.0	15000.0
79.56	20.1	-8805.97	13.25	13.61	11.25	67.59	37.58	203101	1920.0	13080.0	15000.0
79.58	20.1	-8805.97	13.25	13.61	11.25	67.59	37.58	203102	1921.0	13079.0	15000.0
79.6	20.1	-8806.82	13.22	13.63	13.0	65.46	37.59	203103	1922.0	13078.0	15000.0
79.61	20.1	-8806.82	13.22	13.63	13.0	65.46	37.59	203104	1923.0	13077.0	15000.0
79.62	20.1	-8810.24	13.24	13.63	11.78	66.95	37.59	203105	1924.0	13076.0	15000.0
79.63	20.1	-8810.24	13.24	13.63	11.78	66.95	37.59	203106	1925.0	13075.0	15000.0
79.65	20.1	-8809.81	13.28	13.66	12.04	64.46	37.59	203107	1926.0	13074.0	15000.0
79.67	20.1	-8809.81	13.28	13.66	12.04	64.46	37.59	203108	1927.0	13073.0	15000.0
79.7	20.0	-8811.52	13.19	13.62	14.01	67.34	37.6	203109	1928.0	13072.0	15000.0
79.74	20.0	-8811.52	13.19	13.62	14.01	67.34	37.6	203110	1929.0	13071.0	15000.0
79.77	20.0	-8811.52	13.19	13.62	14.01	67.34	37.6	203111	1930.0	13070.0	15000.0
79.81	20.0	-8811.52	13.19	13.62	14.01	67.34	37.6	203112	1931.0	13069.0	15000.0
79.86	20.0	-8809.81	13.27	13.6	10.33	66.94	37.61	203113	1932.0	13068.0	15000.0
79.9	20.0	-8809.81	13.27	13.6	10.33	66.94	37.62	203114	1933.0	13067.0	15000.0
79.94	20.0	-8806.39	13.19	13.59	12.78	66.77	37.62	203115	1934.0	13066.0	15000.0
79.99	20.0	-8806.39	13.19	13.59	12.78	66.77	37.61	203116	1935.0	13065.0	15000.0
80.03	20.0	-8806.39	13.24	13.59	11.76	67.74	37.6	203117	1936.0	13064.0	15000.0
80.06	20.0	-8806.39	13.24	13.59	11.76	67.74	37.61	203118	1937.0	13063.0	15000.0
80.1	20.0	-8808.1	13.25	13.67	11.62	65.48	37.62	203119	1938.0	13062.0	15000.0
80.13	20.0	-8808.1	13.25	13.67	11.62	65.48	37.62	203120	1939.0	13061.0	15000.0
80.17	20.0	-8811.52	13.18	13.67	14.48	66.09	37.62	203121	1940.0	13060.0	15000.0
80.2	20.0	-8811.52	13.18	13.67	14.48	66.09	37.62	203122	1941.0	13059.0	15000.0
80.23	20.0	-8811.09	13.21	13.61	12.23	66.45	37.62	203123	1942.0	13058.0	15000.0
80.26	20.0	-8811.09	13.21	13.61	12.23	66.45	37.61	203124	1943.0	13057.0	15000.0
80.29	20.0	-8809.81	13.25	13.58	11.82	68.36	37.61	203125	1944.0	13056.0	15000.0
80.32	20.0	-8809.81	13.25	13.58	11.82	68.36	37.61	203126	1945.0	13055.0	15000.0
80.35	20.0	-8807.68	13.26	13.64	11.12	66.41	37.62	203127	1946.0	13054.0	15000.0
80.37	20.0	-8807.68	13.26	13.64	11.12	66.41	37.62	203128	1947.0	13053.0	15000.0
80.4	20.1	-8807.68	13.19	13.66	14.43	66.12	37.62	203129	1948.0	13052.0	15000.0
80.42	20.1	-8807.68	13.19	13.66	14.43	66.12	37.62	203130	1949.0	13051.0	15000.0
80.45	20.1	-8808.96	13.26	13.56	11.83	68.13	37.62	203131	1950.0	13050.0	15000.0
80.46	20.1	-8808.96	13.26	13.56	11.83	68.13	37.63	203132	1951.0	13049.0	15000.0
80.48	20.1	-8810.67	13.29	13.6	11.4	65.9	37.64	203133	1952.0	13048.0	15000.0
80.5	20.1	-8810.67	13.29	13.6	11.4	65.9	37.63	203134	1953.0	13047.0	15000.0
80.51	20.1	-8811.09	13.24	13.63	11.24	66.49	37.63	203135	1954.0	13046.0	15000.0
80.53	20.1	-8811.09	13.24	13.63	11.24	66.49	37.64	203136	1955.0	13045.0	15000.0
80.55	20.1	-8811.09	13.19	13.66	13.4	65.84	37.64	203137	1956.0	13044.0	15000.0
80.57	20.1	-8811.09	13.19	13.66	13.4	65.84	37.64	203138	1957.0	13043.0	15000.0
80.6	20.0	-8812.8	13.22	13.6	12.26	66.92	37.64	203139	1958.0	13042.0	15000.0
80.63	20.0	-8812.8	13.22	13.6	12.26	66.92	37.64	203140	1959.0	13041.0	15000.0
80.67	20.0	-8806.39	13.25	13.59	11.55	68.43	37.64	203141	1960.0	13040.0	15000.0
80.71	20.0	-8806.39	13.25	13.59	11.55	68.43	37.64	203142	1961.0	13039.0	15000.0
80.76	20.0	-8807.68	13.23	13.64	11.15	66.3	37.65	203143	1962.0	13038.0	15000.0
80.8	20.0	-8807.68	13.23	13.64	11.15	66.3	37.65	203144	1963.0	13037.0	15000.0
80.84	20.0	-8810.67	13.21	13.72	13.66	64.16	37.66	203145	1964.0	13036.0	15000.0
80.89	20.0	-8810.67	13.21	13.72	13.66	64.16	37.66	203146	1965.0	13035.0	15000.0
80.93	20.0	-8810.67	13.21	13.72	13.66	64.16	37.66	203147	1966.0	13034.0	15000.0
80.97	20.0	-8810.67	13.21	13.72	13.66	64.16	37.65	203148	1967.0	13033.0	15000.0
81.0	20.0	-8811.52	13.23	13.6	11.4	68.08	37.65	203149	1968.0	13032.0	15000.0
81.03	20.0	-8811.52	13.23	13.6	11.4	68.08	37.65	203150	1969.0	13031.0	15000.0
81.06	20.0	-8808.96	13.2	13.65	12.88	65.63	37.66	203151	1970.0	13030.0	15000.0
81.09	20.0	-8808.96	13.2	13.65	12.88	65.63	37.67	203152	1971.0	13029.0	15000.0
81.12	20.0	-8807.25	13.24	13.64	11.25	66.36	37.67	203153	1972.0	13028.0	15000.0
81.15	20.0	-8807.25	13.24	13.64	11.25	66.36	37.67	203154	1973.0	13027.0	15000.0
81.18	20.0	-8810.67	13.24	13.65	11.84	64.03	37.66	203155	1974.0	13026.0	15000.0
81.21	20.0	-8810.67	13.24	13.65	11.84	64.03	37.66	203156	1975.0	13025.0	15000.0
81.24	20.0	-8806.82	13.22	13.65	13.67	66.06	37.66	203157	1976.0	13024.0	15000.0
81.27	20.0	-8806.82	13.22	13.65	13.67	66.06	37.67	203158	1977.0	13023.0	15000.0
81.3	20.0	-8812.38	13.21	13.57	12.05	68.43	37.68	203159	1978.0	13022.0	15000.0
81.33	20.0	-8812.38	13.21	13.57	12.05	68.43	37.68	203160	1979.0	13021.0	15000.0
81.36	20.0	-8810.24	13.21	13.66	12.62	65.21	37.68	203161	1980.0	13020.0	15000.0
81.39	20.0	-8810.24	13.21	13.66	12.62	65.21	37.67	203162	1981.0	13019.0	15000.0
81.42	20.0	-8808.1	13.29	13.58	10.66	67.19	37.66	203163	1982.0	13018.0	15000.0
81.45	20.0	-8808.1	13.29	13.58	10.66	67.19	37.66	203164	1983.0	13017.0	15000.0
81.48	20.0	-8808.53	13.22	13.62	13.95	66.06	37.67	203165	1984.0	13016.0	15000.0
81.51	20.0	-8808.53	13.22	13.62	13.95	66.06	37.68	203166	1985.0	13015.0	15000.0
81.54	20.0	-8808.53	13.16	13.6	14.04	68.18	37.69	203167	1986.0	13014.0	15000.0
81.57	20.0	-8808.53	13.16	13.6	14.04	68.18	37.69	203168	1987.0	13013.0	15000.0
81.6	20.0	-8808.1	13.22	13.66	11.68	65.74	37.68	203169	1988.0	13012.0	15000.0
81.63	20.0	-8808.1	13.22	13.66	11.68	65.74	37.69	203170	1989.0	13011.0	15000.0
81.65	20.0	-8805.97	13.21	13.64	12.9	65.75	37.7	203171	1990.0	13010.0	15000.0
81.67	20.0	-8805.97	13.21	13.64	12.9	65.75	37.69	203172	1991.0	13009.0	15000.0
81.68	20.0	-8810.24	13.29	13.59	10.33	67.38	37.68	203173	1992.0	13008.0	15000.0
81.7	20.0	-8810.24	13.29	13.59	10.33	67.38	37.7	203174	1993.0	13007.0	15000.0
81.72	20.0	-8816.22	13.14	13.62	14.27	67.82	37.71	203175	1994.0	13006.0	15000.0
81.73	20.0	-8816.22	13.14	13.62	14.27	67.82	37.7	203176	1995.0	13005.0	15000.0
81.75	20.0	-8807.25	13.23	13.62	11.74	66.22	37.69	203177	1996.0	13004.0	15000.0
81.77	20.0	-8807.25	13.23	13.62	11.74	66.22	37.7	203178	1997.0	13003.0	15000.0
81.8	20.0	-8812.8	13.16	13.67	12.68	64.85	37.71	203179	1998.0	13002.0	15000.0
81.83	20.0	-8812.8	13.16	13.67	12.68	64.85	37.71	203180	1999.0	13001.0	15000.0
81.86	20.0	-8812.8	13.16	13.67	12.68	64.85	37.71	203181	2000.0	13000.0	15000.0
81.89	20.0	-8812.8	13.16	13.67	12.68	64.85	37.7	203182	2001.0	12999.0	15000.0
81.92	20.0	-8812.8	13.26	13.65	11.9	65.72	37.7	203183	2002.0	12998.0	15000.0
81.95	20.0	-8812.8	13.26	13.65	11.9	65.72	37.7	203184	2003.0	12997.0	15000.0
81.98	20.0	-8809.81	13.18	13.61	14.6	66.88	37.7	203185	2004.0	12996.0	15000.0
82.01	20.0	-8809.81	13.18	13.61	14.6	66.88	37.7	203186	2005.0	12995.0	15000.0
82.04	20.0	-8810.67	13.22	13.65	12.64	67.06	37.7	203187	2006.0	12994.0	15000.0
82.07	20.0	-8810.67	13.22	13.65	12.64	67.06	37.72	203188	2007.0	12993.0	15000.0
82.1	20.0	-8807.68	13.2	13.58	13.23	66.96	37.73	203189	2008.0	12992.0	15000.0
82.13	20.0	-8807.68	13.2	13.58	13.23	66.96	37.72	203190	2009.0	12991.0	15000.0
82.16	20.0	-8810.24	13.2	13.64	12.15	66.18	37.72	203191	2010.0	12990.0	15000.0
82.19	20.0	-8810.24	13.2	13.64	12.15	66.18	37.71	203192	2011.0	12989.0	15000.0
82.22	20.0	-8811.52	13.21	13.66	13.01	65.47	37.71	203193	2012.0	12988.0	15000.0
82.25	20.0	-8811.52	13.21	13.66	13.01	65.47	37.71	203194	2013.0	12987.0	15000.0
82.28	20.0	-8812.8	13.23	13.61	12.24	67.01	37.72	203195	2014.0	12986.0	15000.0
82.31	20.0	-8812.8	13.23	13.61	12.24	67.01	37.72	203196	2015.0	12985.0	15000.0
82.34	20.0	-8805.11	13.2	13.65	12.26	66.85	37.72	203197	2016.0	12984.0	15000.0
82.37	20.0	-8805.11	13.2	13.65	12.26	66.85	37.72	203198	2017.0	12983.0	15000.0
82.4	20.0	-8805.11	13.24	13.61	11.44	66.66	37.72	203199	2018.0	12982.0	15000.0
82.43	20.0	-8805.11	13.24	13.61	11.44	66.66	37.72	203200	2019.0	12981.0	15000.0
82.45	20.0	-8810.24	13.23	13.65	13.18	64.43	37.73	203201	2020.0	12980.0	15000.0
82.47	20.0	-8810.24	13.23	13.65	13.18	64.43	37.73	203202	2021.0	12979.0	15000.0
82.49	20.0	-8811.52	13.19	13.59	12.32	67.58	37.73	203203	2022.0	12978.0	15000.0
82.51	20.0	-8811.52	13.19	13.59	12.32	67.58	37.72	203204	2023.0	12977.0	15000.0
82.52	20.0	-8812.38	13.2	13.68	12.67	65.14	37.72	203205	2024.0	12976.0	15000.0
82.54	20.0	-8812.38	13.2	13.68	12.67	65.14	37.73	203206	2025.0	12975.0	15000.0
82.56	20.0	-8808.53	13.18	13.7	11.49	65.37	37.75	203207	2026.0	12974.0	15000.0
82.58	20.0	-8808.53	13.18	13.7	11.49	65.37	37.74	203208	2027.0	12973.0	15000.0
82.6	20.0	-8810.24	13.24	13.66	12.59	64.35	37.74	203209	2028.0	12972.0	15000.0
82.63	20.0	-8810.24	13.24	13.66	12.59	64.35	37.74	203210	2029.0	12971.0	15000.0
82.66	20.0	-8808.53	13.21	13.63	13.07	67.46	37.74	203211	2030.0	12970.0	15000.0
82.69	20.0	-8808.53	13.21	13.63	13.07	67.46	37.74	203212	2031.0	12969.0	15000.0
82.72	20.0	-8809.39	13.23	13.54	10.26	66.56	37.75	203213	2032.0	12968.0	15000.0
82.75	20.0	-8809.39	13.23	13.54	10.26	66.56	37.75	203214	2033.0	12967.0	15000.0
82.78	20.0	-8807.25	13.22	13.67	13.22	65.95	37.75	203215	2034.0	12966.0	15000.0
82.81	20.0	-8807.25	13.22	13.67	13.22	65.95	37.74	203216	2035.0	12965.0	15000.0
82.84	20.0	-8811.95	13.24	13.57	10.73	67.79	37.74	203217	2036.0	12964.0	15000.0
82.87	20.0	-8811.95	13.24	13.57	10.73	67.79	37.74	203218	2037.0	12963.0	15000.0
82.9	20.0	-8811.52	13.22	13.65	13.4	65.51	37.74	203219	2038.0	12962.0	15000.0
82.92	20.0	-8811.52	13.22	13.65	13.4	65.51	37.74	203220	2039.0	12961.0	15000.0
82.94	20.0	-8811.52	13.22	13.65	13.4	65.51	37.74	203221	2040.0	12960.0	15000.0
82.96	20.0	-8811.52	13.22	13.65	13.4	65.51	37.74	203222	2041.0	12959.0	15000.0
82.98	20.0	-8807.68	13.2	13.57	12.41	69.07	37.75	203223	2042.0	12958.0	15000.0
83.0	20.0	-8807.68	13.2	13.57	12.41	69.07	37.75	203224	2043.0	12957.0	15000.0
83.02	20.0	-8810.24	13.21	13.68	12.95	65.86	37.76	203225	2044.0	12956.0	15000.0
83.04	20.0	-8810.24	13.21	13.68	12.95	65.86	37.77	203226	2045.0	12955.0	15000.0
83.06	20.0	-8808.96	13.23	13.68	11.77	65.58	37.78	203227	2046.0	12954.0	15000.0
83.08	20.0	-8808.96	13.23	13.68	11.77	65.58	37.78	203228	2047.0	12953.0	15000.0
83.1	20.1	-8807.68	13.22	13.68	12.03	63.93	37.77	203229	2048.0	12952.0	15000.0
83.13	20.1	-8807.68	13.22	13.68	12.03	63.93	37.77	203230	2049.0	12951.0	15000.0
83.15	20.1	-8810.67	13.2	13.63	14.03	68.43	37.77	203231	2050.0	12950.0	15000.0
83.18	20.1	-8810.67	13.2	13.63	14.03	68.43	37.77	203232	2051.0	12949.0	15000.0
83.22	20.1	-8813.66	13.2	13.68	12.95	64.96	37.77	203233	2052.0	12948.0	15000.0
83.25	20.1	-8813.66	13.2	13.68	12.95	64.96	37.77	203234	2053.0	12947.0	15000.0
83.28	20.1	-8808.96	13.24	13.64	11.8	66.52	37.78	203235	2054.0	12946.0	15000.0
83.31	20.1	-8808.96	13.24	13.64	11.8	66.52	37.77	203236	2055.0	12945.0	15000.0
83.34	20.1	-8806.82	13.24	13.66	12.12	63.93	37.77	203237	2056.0	12944.0	15000.0
83.37	20.1	-8806.82	13.24	13.66	12.12	63.93	37.77	203238	2057.0	12943.0	15000.0
83.4	20.1	-8808.1	13.17	13.62	14.4	67.32	37.78	203239	2058.0	12942.0	15000.0
83.43	20.1	-8808.1	13.17	13.62	14.4	67.32	37.79	203240	2059.0	12941.0	15000.0
83.45	20.1	-8810.24	13.19	13.63	12.98	65.84	37.79	203241	2060.0	12940.0	15000.0
83.47	20.1	-8810.24	13.19	13.63	12.98	65.84	37.79	203242	2061.0	12939.0	15000.0
83.49	20.1	-8808.1	13.26	13.62	10.82	66.84	37.78	203243	2062.0	12938.0	15000.0
83.51	20.1	-8808.1	13.26	13.62	10.82	66.84	37.78	203244	2063.0	12937.0	15000.0
83.53	20.1	-8810.24	13.19	13.62	13.92	66.03	37.78	203245	2064.0	12936.0	15000.0
83.55	20.1	-8810.24	13.19	13.62	13.92	66.03	37.79	203246	2065.0	12935.0	15000.0
83.57	20.1	-8810.24	13.16	13.53	12.74	69.01	37.79	203247	2066.0	12934.0	15000.0
83.58	20.1	-8810.24	13.16	13.53	12.74	69.01	37.79	203248	2067.0	12933.0	15000.0
83.6	20.0	-8806.82	13.25	13.68	11.78	65.86	37.78	203249	2068.0	12932.0	15000.0
83.61	20.0	-8806.82	13.25	13.68	11.78	65.86	37.78	203250	2069.0	12931.0	15000.0
83.61	20.0	-8813.23	13.24	13.58	11.65	68.82	37.78	203251	2070.0	12930.0	15000.0
83.61	20.0	-8813.23	13.24	13.58	11.65	68.82	37.78	203252	2071.0	12929.0	15000.0
83.6	20.0	-8813.23	13.24	13.58	11.65	68.82	37.78	203253	2072.0	12928.0	15000.0
83.59	20.0	-8813.23	13.24	13.58	11.65	68.82	37.78	203254	2073.0	12927.0	15000.0
83.59	20.0	-8811.09	13.17	13.63	12.43	65.63	37.79	203255	2074.0	12926.0	15000.0
83.58	20.0	-8811.09	13.17	13.63	12.43	65.63	37.8	203256	2075.0	12925.0	15000.0
83.58	20.0	-8808.96	13.18	13.67	13.25	65.99	37.8	203257	2076.0	12924.0	15000.0
83.59	20.0	-8808.96	13.18	13.67	13.25	65.99	37.8	203258	2077.0	12923.0	15000.0
83.6	20.0	-8810.67	13.23	13.59	11.15	67.26	37.79	203259	2078.0	12922.0	15000.0
83.62	20.0	-8810.67	13.23	13.59	11.15	67.26	37.79	203260	2079.0	12921.0	15000.0
83.65	20.0	-8811.52	13.27	13.6	12.13	67.27	37.8	203261	2080.0	12920.0	15000.0
83.68	20.0	-8811.52	13.27	13.6	12.13	67.27	37.8	203262	2081.0	12919.0	15000.0
83.71	20.0	-8810.24	13.24	13.65	11.18	66.32	37.8	203263	2082.0	12918.0	15000.0
83.75	20.0	-8810.24	13.24	13.65	11.18	66.32	37.8	203264	2083.0	12917.0	15000.0
83.78	20.0	-8808.1	13.2	13.69	13.63	64.86	37.81	203265	2084.0	12916.0	15000.0
83.81	20.0	-8808.1	13.2	13.69	13.63	64.86	37.8	203266	2085.0	12915.0	15000.0
83.85	20.0	-8809.39	13.19	13.59	12.02	67.42	37.8	203267	2086.0	12914.0	15000.0
83.88	20.0	-8809.39	13.19	13.59	12.02	67.42	37.8	203268	2087.0	12913.0	15000.0
83.9	20.0	-8814.94	13.27	13.65	11.48	64.98	37.81	203269	2088.0	12912.0	15000.0
83.92	20.0	-8814.94	13.27	13.65	11.48	64.98	37.82	203270	2089.0	12911.0	15000.0
83.94	20.0	-8809.81	13.23	13.63	11.41	66.98	37.82	203271	2090.0	12910.0	15000.0
83.97	20.0	-8809.81	13.23	13.63	11.41	66.98	37.82	203272	2091.0	12909.0	15000.0
83.99	20.0	-8813.23	13.2	13.67	13.18	65.44	37.81	203273	2092.0	12908.0	15000.0
84.01	20.0	-8813.23	13.2	13.67	13.18	65.44	37.8	203274	2093.0	12907.0	15000.0
84.03	20.0	-8810.24	13.19	13.66	12.33	66.86	37.8	203275	2094.0	12906.0	15000.0
84.05	20.0	-8810.24	13.19	13.66	12.33	66.86	37.81	203276	2095.0	12905.0	15000.0
84.07	20.0	-8809.39	13.27	13.61	11.32	65.61	37.83	203277	2096.0	12904.0	15000.0
84.08	20.0	-8809.39	13.27	13.61	11.32	65.61	37.82	203278	2097.0	12903.0	15000.0
84.1	20.2	-8815.79	13.2	13.63	12.22	67.36	37.82	203279	2098.0	12902.0	15000.0
84.11	20.2	-8815.79	13.2	13.63	12.22	67.36	37.82	203280	2099.0	12901.0	15000.0
84.12	20.2	-8810.67	13.23	13.66	12.84	65.94	37.82	203281	2100.0	12900.0	15000.0
84.13	20.2	-8810.67	13.23	13.66	12.84	65.94	37.82	203282	2101.0	12899.0	15000.0
84.14	20.2	-8810.67	13.17	13.71	13.73	65.87	37.82	203283	2102.0	12898.0	15000.0
84.15	20.2	-8810.67	13.17	13.71	13.73	65.87	37.82	203284	2103.0	12897.0	15000.0
84.16	20.2	-8810.67	13.17	13.71	13.73	65.87	37.82	203285	2104.0	12896.0	15000.0
84.17	20.2	-8810.67	13.17	13.71	13.73	65.87	37.82	203286	2105.0	12895.0	15000.0
84.18	20.2	-8811.52	13.2	13.68	13.2	66.08	37.82	203287	2106.0	12894.0	15000.0
84.19	20.2	-8811.52	13.2	13.68	13.2	66.08	37.82	203288	2107.0	12893.0	15000.0
84.2	20.1	-8810.67	13.18	13.64	11.52	66.37	37.83	203289	2108.0	12892.0	15000.0
84.22	20.1	-8810.67	13.18	13.64	11.52	66.37	37.83	203290	2109.0	12891.0	15000.0
84.23	20.1	-8809.81	13.16	13.72	15.38	64.42	37.84	203291	2110.0	12890.0	15000.0
84.25	20.1	-8809.81	13.16	13.72	15.38	64.42	37.84	203292	2111.0	12889.0	15000.0
84.27	20.1	-8808.96	13.22	13.59	11.54	68.03	37.83	203293	2112.0	12888.0	15000.0
84.29	20.1	-8808.96	13.22	13.59	11.54	68.03	37.83	203294	2113.0	12887.0	15000.0
84.31	20.1	-8811.09	13.24	13.62	10.97	65.32	37.84	203295	2114.0	12886.0	15000.0
84.33	20.1	-8811.09	13.24	13.62	10.97	65.32	37.83	203296	2115.0	12885.0	15000.0
84.35	20.1	-8805.97	13.25	13.65	12.04	67.02	37.83	203297	2116.0	12884.0	15000.0
84.38	20.1	-8805.97	13.25	13.65	12.04	67.02	37.84	203298	2117.0	12883.0	15000.0
84.4	20.0	-8809.81	13.22	13.67	11.88	65.05	37.85	203299	2118.0	12882.0	15000.0
84.43	20.0	-8809.81	13.22	13.67	11.88	65.05	37.85	203300	2119.0	12881.0	15000.0
84.45	20.0	-8809.81	13.2	13.64	13.4	67.36	37.85	203301	2120.0	12880.0	15000.0
84.49	20.0	-8809.81	13.2	13.64	13.4	67.36	37.86	203302	2121.0	12879.0	15000.0
84.52	20.0	-8809.81	13.22	13.63	10.97	64.49	37.86	203303	2122.0	12878.0	15000.0
84.55	20.0	-8809.81	13.22	13.63	10.97	64.49	37.86	203304	2123.0	12877.0	15000.0
84.59	20.0	-8811.09	13.19	13.64	13.36	67.14	37.85	203305	2124.0	12876.0	15000.0
84.62	20.0	-8811.09	13.19	13.64	13.36	67.14	37.84	203306	2125.0	12875.0	15000.0
84.65	20.0	-8811.95	13.24	13.58	10.52	67.46	37.84	203307	2126.0	12874.0	15000.0
84.68	20.0	-8811.95	13.24	13.58	10.52	67.46	37.84	203308	2127.0	12873.0	15000.0
84.7	20.1	-8808.53	13.2	13.71	13.62	65.27	37.85	203309	2128.0	12872.0	15000.0
84.72	20.1	-8808.53	13.2	13.71	13.62	65.27	37.85	203310	2129.0	12871.0	15000.0
84.73	20.1	-8812.8	13.17	13.6	12.96	69.07	37.85	203311	2130.0	12870.0	15000.0
84.74	20.1	-8812.8	13.17	13.6	12.96	69.07	37.86	203312	2131.0	12869.0	15000.0
84.74	20.1	-8808.53	13.22	13.61	12.99	65.76	37.88	203313	2132.0	12868.0	15000.0
84.75	20.1	-8808.53	13.22	13.61	12.99	65.76	37.87	203314	2133.0	12867.0	15000.0
84.76	20.1	-8808.96	13.21	13.53	11.99	68.68	37.86	203315	2134.0	12866.0	15000.0
84.76	20.1	-8808.96	13.21	13.53	11.99	68.68	37.87	203316	2135.0	12865.0	15000.0
84.77	20.1	-8809.39	13.22	13.61	11.98	65.61	37.87	203317	2136.0	12864.0	15000.0
84.78	20.1	-8809.39	13.22	13.61	11.98	65.61	37.87	203318	2137.0	12863.0	15000.0
84.8	20.1	-8805.97	13.16	13.64	14.52	66.55	37.87	203319	2138.0	12862.0	15000.0
84.82	20.1	-8805.97	13.16	13.64	14.52	66.55	37.87	203320	2139.0	12861.0	15000.0
84.84	20.1	-8811.52	13.24	13.63	11.32	66.97	37.87	203321	2140.0	12860.0	15000.0
84.86	20.1	-8811.52	13.24	13.63	11.32	66.97	37.87	203322	2141.0	12859.0	15000.0
84.88	20.1	-8811.52	13.24	13.63	11.32	66.97	37.87	203323	2142.0	12858.0	15000.0
84.9	20.1	-8811.52	13.24	13.63	11.32	66.97	37.86	203324	2143.0	12857.0	15000.0
84.92	20.1	-8811.52	13.23	13.63	12.37	67.14	37.86	203325	2144.0	12856.0	15000.0
84.94	20.1	-8811.52	13.23	13.63	12.37	67.14	37.86	203326	2145.0	12855.0	15000.0
84.96	20.1	-8808.53	13.25	13.65	11.1	66.78	37.87	203327	2146.0	12854.0	15000.0
84.98	20.1	-8808.53	13.25	13.65	11.1	66.78	37.87	203328	2147.0	12853.0	15000.0
85.0	20.2	-8812.8	13.19	13.68	13.31	65.67	37.87	203329	2148.0	12852.0	15000.0
85.02	20.2	-8812.8	13.19	13.68	13.31	65.67	37.87	203330	2149.0	12851.0	15000.0
85.04	20.2	-8811.09	13.17	13.63	12.71	66.77	37.87	203331	2150.0	12850.0	15000.0
85.06	20.2	-8811.09	13.17	13.63	12.71	66.77	37.87	203332	2151.0	12849.0	15000.0
85.08	20.2	-8809.81	13.26	13.65	11.3	64.67	37.88	203333	2152.0	12848.0	15000.0
85.11	20.2	-8809.81	13.26	13.65	11.3	64.67	37.88	203334	2153.0	12847.0	15000.0
85.13	20.2	-8808.96	13.18	13.61	12.49	67.16	37.88	203335	2154.0	12846.0	15000.0
85.15	20.2	-8808.96	13.18	13.61	12.49	67.16	37.88	203336	2155.0	12845.0	15000.0
85.17	20.2	-8803.83	13.24	13.64	11.32	66.47	37.88	203337	2156.0	12844.0	15000.0
85.18	20.2	-8803.83	13.24	13.64	11.32	66.47	37.88	203338	2157.0	12843.0	15000.0
85.2	20.2	-8808.53	13.16	13.73	14.94	64.28	37.88	203339	2158.0	12842.0	15000.0
85.21	20.2	-8808.53	13.16	13.73	14.94	64.28	37.88	203340	2159.0	12841.0	15000.0
85.23	20.2	-8812.8	13.25	13.66	10.98	64.99	37.89	203341	2160.0	12840.0	15000.0
85.24	20.2	-8812.8	13.25	13.66	10.98	64.99	37.89	203342	2161.0	12839.0	15000.0
85.25	20.2	-8812.8	13.25	13.66	10.98	64.99	37.89	203343	2162.0	12838.0	15000.0
85.26	20.2	-8812.8	13.25	13.66	10.98	64.99	37.89	203344	2163.0	12837.0	15000.0
85.26	20.2	-8808.1	13.24	13.68	12.09	64.04	37.89	203345	2164.0	12836.0	15000.0
85.27	20.2	-8808.1	13.24	13.68	12.09	64.04	37.89	203346	2165.0	12835.0	15000.0
85.28	20.2	-8806.39	13.19	13.69	13.28	65.78	37.89	203347	2166.0	12834.0	15000.0
85.29	20.2	-8806.39	13.19	13.69	13.28	65.78	37.89	203348	2167.0	12833.0	15000.0
85.3	20.1	-8804.26	13.17	13.62	12.48	68.09	37.89	203349	2168.0	12832.0	15000.0
85.31	20.1	-8804.26	13.17	13.62	12.48	68.09	37.89	203350	2169.0	12831.0	15000.0
85.32	20.1	-8807.68	13.21	13.65	11.82	65.96	37.9	203351	2170.0	12830.0	15000.0
85.33	20.1	-8807.68	13.21	13.65	11.82	65.96	37.9	203352	2171.0	12829.0	15000.0
85.34	20.1	-8809.39	13.16	13.6	13.47	66.81	37.91	203353	2172.0	12828.0	15000.0
85.35	20.1	-8809.39	13.16	13.6	13.47	66.81	37.9	203354	2173.0	12827.0	15000.0
85.36	20.1	-8808.96	13.25	13.64	11.1	67.21	37.89	203355	2174.0	12826.0	15000.0
85.37	20.1	-8808.96	13.25	13.64	11.1	67.21	37.89	203356	2175.0	12825.0	15000.0
85.38	20.1	-8808.96	13.25	13.64	11.1	67.21	37.89	203357	2176.0	12824.0	15000.0
85.39	20.1	-8808.96	13.25	13.64	11.1	67.21	37.9	203358	2177.0	12823.0	15000.0
85.4	20.1	-8810.24	13.21	13.66	13.71	65.77	37.9	203359	2178.0	12822.0	15000.0
85.41	20.1	-8810.24	13.21	13.66	13.71	65.77	37.9	203360	2179.0	12821.0	15000.0
85.44	20.1	-8811.52	13.14	13.66	12.98	66.16	37.9	203361	2180.0	12820.0	15000.0
85.47	20.1	-8811.52	13.14	13.66	12.98	66.16	37.9	203362	2181.0	12819.0	15000.0
85.5	20.1	-8812.8	13.19	13.65	12.34	65.75	37.9	203363	2182.0	12818.0	15000.0
85.54	20.1	-8812.8	13.19	13.65	12.34	65.75	37.9	203364	2183.0	12817.0	15000.0
85.58	20.1	-8811.52	13.19	13.61	12.54	67.0	37.9	203365	2184.0	12816.0	15000.0
85.62	20.1	-8811.52	13.19	13.61	12.54	67.0	37.9	203366	2185.0	12815.0	15000.0
85.65	20.1	-8808.96	13.22	13.69	11.92	65.2	37.91	203367	2186.0	12814.0	15000.0
85.68	20.1	-8808.96	13.22	13.69	11.92	65.2	37.91	203368	2187.0	12813.0	15000.0
85.7	20.0	-8809.39	13.18	13.68	14.62	65.69	37.92	203369	2188.0	12812.0	15000.0
85.71	20.0	-8809.39	13.18	13.68	14.62	65.69	37.92	203370	2189.0	12811.0	15000.0
85.72	20.0	-8809.81	13.22	13.57	11.94	68.27	37.91	203371	2190.0	12810.0	15000.0
85.72	20.0	-8809.81	13.22	13.57	11.94	68.27	37.91	203372	2191.0	12809.0	15000.0
85.71	20.0	-8808.53	13.24	13.65	11.12	64.67	37.91	203373	2192.0	12808.0	15000.0
85.7	20.0	-8808.53	13.24	13.65	11.12	64.67	37.91	203374	2193.0	12807.0	15000.0
85.69	20.0	-8813.23	13.25	13.62	12.11	67.25	37.91	203375	2194.0	12806.0	15000.0
85.68	20.0	-8813.23	13.25	13.62	12.11	67.25	37.92	203376	2195.0	12805.0	15000.0
85.68	20.0	-8809.81	13.25	13.68	11.82	65.5	37.93	203377	2196.0	12804.0	15000.0
85.69	20.0	-8809.81	13.25	13.68	11.82	65.5	37.92	203378	2197.0	12803.0	15000.0
85.7	20.0	-8810.67	13.2	13.64	12.75	67.38	37.92	203379	2198.0	12802.0	15000.0
85.72	20.0	-8810.67	13.2	13.64	12.75	67.38	37.93	203380	2199.0	12801.0	15000.0
85.75	20.0	-8812.38	13.22	13.67	11.27	65.28	37.93	203381	2200.0	12800.0	15000.0
85.78	20.0	-8812.38	13.22	13.67	11.27	65.28	37.93	203382	2201.0	12799.0	15000.0
85.82	20.0	-8808.53	13.22	13.64	11.97	67.72	37.93	203383	2202.0	12798.0	15000.0
85.86	20.0	-8808.53	13.22	13.64	11.97	67.72	37.93	203384	2203.0	12797.0	15000.0
85.9	20.0	-8811.09	13.16	13.66	12.29	67.06	37.92	203385	2204.0	12796.0	15000.0
85.93	20.0	-8811.09	13.16	13.66	12.29	67.06	37.92	203386	2205.0	12795.0	15000.0
85.96	20.0	-8811.09	13.16	13.66	12.29	67.06	37.92	203387	2206.0	12794.0	15000.0
85.99	20.0	-8811.09	13.16	13.66	12.29	67.06	37.93	203388	2207.0	12793.0	15000.0
86.0	20.0	-8808.1	13.21	13.58	10.17	66.42	37.94	203389	2208.0	12792.0	15000.0
86.01	20.0	-8808.1	13.21	13.58	10.17	66.42	37.94	203390	2209.0	12791.0	15000.0
86.02	20.0	-8809.81	13.19	13.65	13.42	66.2	37.93	203391	2210.0	12790.0	15000.0
86.03	20.0	-8809.81	13.19	13.65	13.42	66.2	37.93	203392	2211.0	12789.0	15000.0
86.04	20.0	-8809.81	13.26	13.56	11.37	67.6	37.93	203393	2212.0	12788.0	15000.0
86.05	20.0	-8809.81	13.26	13.56	11.37	67.6	37.93	203394	2213.0	12787.0	15000.0
86.06	20.0	-8810.24	13.25	13.68	11.57	65.39	37.94	203395	2214.0	12786.0	15000.0
86.07	20.0	-8810.24	13.25	13.68	11.57	65.39	37.94	203396	2215.0	12785.0	15000.0
86.08	20.0	-8810.67	13.13	13.65	14.34	67.81	37.95	203397	2216.0	12784.0	15000.0
86.09	20.0	-8810.67	13.13	13.65	14.34	67.81	37.94	203398	2217.0	12783.0	15000.0
86.1	20.0	-8811.52	13.19	13.66	12.37	65.83	37.93	203399	2218.0	12782.0	15000.0
86.11	20.0	-8811.52	13.19	13.66	12.37	65.83	37.94	203400	2219.0	12781.0	15000.0
86.12	20.0	-8809.81	13.19	13.68	12.28	65.18	37.95	203401	2220.0	12780.0	15000.0
86.13	20.0	-8809.81	13.19	13.68	12.28	65.18	37.94	203402	2221.0	12779.0	15000.0
86.14	20.0	-8811.09	13.19	13.7	11.92	64.96	37.94	203403	2222.0	12778.0	15000.0
86.15	20.0	-8811.09	13.19	13.7	11.92	64.96	37.95	203404	2223.0	12777.0	15000.0
86.16	20.0	-8810.67	13.14	13.64	14.24	67.84	37.96	203405	2224.0	12776.0	15000.0
86.17	20.0	-8810.67	13.14	13.64	14.24	67.84	37.96	203406	2225.0	12775.0	15000.0
86.18	20.0	-8813.23	13.21	13.68	11.63	65.91	37.96	203407	2226.0	12774.0	15000.0
86.19	20.0	-8813.23	13.21	13.68	11.63	65.91	37.96	203408	2227.0	12773.0	15000.0
86.2	20.0	-8814.08	13.21	13.67	12.82	65.05	37.96	203409	2228.0	12772.0	15000.0
86.21	20.0	-8814.08	13.21	13.67	12.82	65.05	37.95	203410	2229.0	12771.0	15000.0
86.22	20.0	-8806.82	13.24	13.61	11.48	65.46	37.94	203411	2230.0	12770.0	15000.0
86.23	20.0	-8806.82	13.24	13.61	11.48	65.46	37.95	203412	2231.0	12769.0	15000.0
86.24	20.0	-8810.24	13.19	13.68	13.84	65.6	37.95	203413	2232.0	12768.0	15000.0
86.25	20.0	-8810.24	13.19	13.68	13.84	65.6	37.95	203414	2233.0	12767.0	15000.0
86.26	20.0	-8811.95	13.17	13.63	12.83	66.56	37.94	203415	2234.0	12766.0	15000.0
86.27	20.0	-8811.95	13.17	13.63	12.83	66.56	37.94	203416	2235.0	12765.0	15000.0
86.28	20.0	-8811.95	13.17	13.63	12.83	66.56	37.94	203417	2236.0	12764.0	15000.0
86.29	20.0	-8811.95	13.17	13.63	12.83	66.56	37.95	203418	2237.0	12763.0	15000.0
86.3	20.0	-8806.39	13.21	13.65	12.23	65.57	37.97	203419	2238.0	12762.0	15000.0
86.31	20.0	-8806.39	13.21	13.65	12.23	65.57	37.97	203420	2239.0	12761.0	15000.0
86.33	20.0	-8810.24	13.22	13.61	11.48	67.72	37.97	203421	2240.0	12760.0	15000.0
86.35	20.0	-8810.24	13.22	13.61	11.48	67.72	37.96	203422	2241.0	12759.0	15000.0
86.37	20.0	-8810.67	13.25	13.64	12.23	65.57	37.96	203423	2242.0	12758.0	15000.0
86.39	20.0	-8810.67	13.25	13.64	12.23	65.57	37.96	203424	2243.0	12757.0	15000.0
86.42	20.0	-8811.09	13.24	13.63	11.49	66.94	37.97	203425	2244.0	12756.0	15000.0
86.44	20.0	-8811.09	13.24	13.63	11.49	66.94	37.96	203426	2245.0	12755.0	15000.0
86.46	20.0	-8811.52	13.25	13.62	12.54	67.78	37.96	203427	2246.0	12754.0	15000.0
86.48	20.0	-8811.52	13.25	13.62	12.54	67.78	37.97	203428	2247.0	12753.0	15000.0
86.5	20.2	-8812.8	13.23	13.63	11.36	66.39	37.97	203429	2248.0	12752.0	15000.0
86.51	20.2	-8812.8	13.23	13.63	11.36	66.39	37.97	203430	2249.0	12751.0	15000.0
86.53	20.2	-8808.96	13.14	13.68	14.31	65.76	37.97	203431	2250.0	12750.0	15000.0
86.54	20.2	-8808.96	13.14	13.68	14.31	65.76	37.97	203432	2251.0	12749.0	15000.0
86.54	20.2	-8814.94	13.21	13.63	12.29	66.92	37.97	203433	2252.0	12748.0	15000.0
86.55	20.2	-8814.94	13.21	13.63	12.29	66.92	37.97	203434	2253.0	12747.0	15000.0
86.56	20.2	-8807.25	13.19	13.65	12.4	65.45	37.98	203435	2254.0	12746.0	15000.0
86.57	20.2	-8807.25	13.19	13.65	12.4	65.45	37.98	203436	2255.0	12745.0	15000.0
86.58	20.2	-8807.68	13.21	13.67	12.87	65.92	37.98	203437	2256.0	12744.0	15000.0
86.59	20.2	-8807.68	13.21	13.67	12.87	65.92	37.98	203438	2257.0	12743.0	15000.0
86.6	20.0	-8807.68	13.22	13.68	11.5	65.58	37.98	203439	2258.0	12742.0	15000.0
86.62	20.0	-8807.68	13.22	13.68	11.5	65.58	37.98	203440	2259.0	12741.0	15000.0
86.63	20.0	-8807.68	13.23	13.68	12.8	64.22	37.99	203441	2260.0	12740.0	15000.0
86.66	20.0	-8807.68	13.23	13.68	12.8	64.22	37.99	203442	2261.0	12739.0	15000.0
86.68	20.0	-8807.68	13.21	13.63	13.74	67.19	37.98	203443	2262.0	12738.0	15000.0
86.7	20.0	-8807.68	13.21	13.63	13.74	67.19	37.98	203444	2263.0	12737.0	15000.0
86.73	20.0	-8807.68	13.21	13.63	13.74	67.19	37.98	203445	2264.0	12736.0	15000.0
86.75	20.0	-8807.68	13.21	13.63	13.74	67.19	37.99	203446	2265.0	12735.0	15000.0
86.77	20.0	-8808.96	13.2	13.62	10.33	66.48	38.0	203447	2266.0	12734.0	15000.0
86.79	20.0	-8808.96	13.2	13.62	10.33	66.48	37.99	203448	2267.0	12733.0	15000.0
86.8	20.0	-8810.24	13.19	13.66	12.78	65.65	37.99	203449	2268.0	12732.0	15000.0
86.81	20.0	-8810.24	13.19	13.66	12.78	65.65	37.98	203450	2269.0	12731.0	15000.0
86.81	20.0	-8810.67	13.27	13.59	10.79	67.44	37.98	203451	2270.0	12730.0	15000.0
86.81	20.0	-8810.67	13.27	13.59	10.79	67.44	37.98	203452	2271.0	12729.0	15000.0
86.81	20.0	-8810.24	13.21	13.65	12.81	65.93	37.99	203453	2272.0	12728.0	15000.0
86.8	20.0	-8810.24	13.21	13.65	12.81	65.93	37.99	203454	2273.0	12727.0	15000.0
86.8	20.0	-8809.81	13.18	13.68	12.29	66.03	37.99	203455	2274.0	12726.0	15000.0
86.8	20.0	-8809.81	13.18	13.68	12.29	66.03	37.98	203456	2275.0	12725.0	15000.0
86.79	20.0	-8813.23	13.2	13.6	12.11	67.44	37.98	203457	2276.0	12724.0	15000.0
86.8	20.0	-8813.23	13.2	13.6	12.11	67.44	37.98	203458	2277.0	12723.0	15000.0
86.8	20.0	-8811.52	13.22	13.65	11.18	66.92	37.99	203459	2278.0	12722.0	15000.0
86.81	20.0	-8811.52	13.22	13.65	11.18	66.92	37.99	203460	2279.0	12721.0	15000.0
86.81	20.0	-8811.52	13.18	13.68	13.45	65.56	37.99	203461	2280.0	12720.0	15000.0
86.82	20.0	-8811.52	13.18	13.68	13.45	65.56	37.99	203462	2281.0	12719.0	15000.0
86.83	20.0	-8809.81	13.17	13.61	11.6	67.93	37.99	203463	2282.0	12718.0	15000.0
86.84	20.0	-8809.81	13.17	13.61	11.6	67.93	38.0	203464	2283.0	12717.0	15000.0
86.85	20.0	-8805.54	13.23	13.62	10.92	66.25	38.01	203465	2284.0	12716.0	15000.0
86.86	20.0	-8805.54	13.23	13.62	10.92	66.25	38.01	203466	2285.0	12715.0	15000.0
86.87	20.0	-8809.39	13.16	13.69	13.39	65.82	38.0	203467	2286.0	12714.0	15000.0
86.89	20.0	-8809.39	13.16	13.69	13.39	65.82	38.01	203468	2287.0	12713.0	15000.0
86.9	20.1	-8811.52	13.2	13.67	11.65	65.34	38.01	203469	2288.0	12712.0	15000.0
86.92	20.1	-8811.52	13.2	13.67	11.65	65.34	38.0	203470	2289.0	12711.0	15000.0
86.94	20.1	-8813.66	13.17	13.68	13.83	65.41	38.0	203471	2290.0	12710.0	15000.0
86.96	20.1	-8813.66	13.17	13.68	13.83	65.41	38.0	203472	2291.0	12709.0	15000.0
86.98	20.1	-8813.66	13.17	13.68	13.83	65.41	38.0	203473	2292.0	12708.0	15000.0
87.0	20.1	-8813.66	13.17	13.68	13.83	65.41	38.0	203474	2293.0	12707.0	15000.0
87.02	20.1	-8810.24	13.16	13.57	12.73	68.8	38.01	203475	2294.0	12706.0	15000.0
87.04	20.1	-8810.24	13.16	13.57	12.73	68.8	38.01	203476	2295.0	12705.0	15000.0
87.06	20.1	-8809.81	13.18	13.66	12.47	65.8	38.02	203477	2296.0	12704.0	15000.0
87.08	20.1	-8809.81	13.18	13.66	12.47	65.8	38.02	203478	2297.0	12703.0	15000.0
87.1	20.0	-8805.54	13.26	13.6	11.8	67.49	38.01	203479	2298.0	12702.0	15000.0
87.11	20.0	-8805.54	13.26	13.6	11.8	67.49	38.01	203480	2299.0	12701.0	15000.0
87.12	20.0	-8807.25	13.22	13.65	11.07	66.67	38.01	203481	2300.0	12700.0	15000.0
87.13	20.0	-8807.25	13.22	13.65	11.07	66.67	38.02	203482	2301.0	12699.0	15000.0
87.14	20.0	-8808.53	13.18	13.69	13.23	65.89	38.02	203483	2302.0	12698.0	15000.0
87.14	20.0	-8808.53	13.18	13.69	13.23	65.89	38.02	203484	2303.0	12697.0	15000.0
87.15	20.0	-8810.67	13.2	13.69	13.91	65.73	38.02	203485	2304.0	12696.0	15000.0
87.16	20.0	-8810.67	13.2	13.69	13.91	65.73	38.02	203486	2305.0	12695.0	15000.0
87.17	20.0	-8808.96	13.22	13.59	11.37	66.84	38.02	203487	2306.0	12694.0	15000.0
87.18	20.0	-8808.96	13.22	13.59	11.37	66.84	38.01	203488	2307.0	12693.0	15000.0
87.2	20.0	-8809.39	13.18	13.66	13.02	66.38	38.01	203489	2308.0	12692.0	15000.0
87.22	20.0	-8809.39	13.18	13.66	13.02	66.38	38.01	203490	2309.0	12691.0	15000.0
87.24	20.0	-8808.96	13.23	13.65	11.02	65.84	38.02	203491	2310.0	12690.0	15000.0
87.26	20.0	-8808.96	13.23	13.65	11.02	65.84	38.03	203492	2311.0	12689.0	15000.0
87.28	20.0	-8814.08	13.15	13.69	14.89	65.73	38.03	203493	2312.0	12688.0	15000.0
87.3	20.0	-8814.08	13.15	13.69	14.89	65.73	38.03	203494	2313.0	12687.0	15000.0
87.32	20.0	-8807.68	13.18	13.59	11.7	67.53	38.02	203495	2314.0	12686.0	15000.0
87.34	20.0	-8807.68	13.18	13.59	11.7	67.53	38.03	203496	2315.0	12685.0	15000.0
87.36	20.0	-8808.1	13.24	13.68	11.17	64.86	38.03	203497	2316.0	12684.0	15000.0
87.38	20.0	-8808.1	13.24	13.68	11.17	64.86	38.03	203498	2317.0	12683.0	15000.0
87.4	20.0	-8806.82	13.23	13.63	11.8	66.16	38.03	203499	2318.0	12682.0	15000.0
87.42	20.0	-8806.82	13.23	13.63	11.8	66.16	38.03	203500	2319.0	12681.0	15000.0
87.44	20.0	-8813.23	13.22	13.71	12.1	63.29	38.03	203501	2320.0	12680.0	15000.0
87.46	20.0	-8813.23	13.22	13.71	12.1	63.29	38.04	203502	2321.0	12679.0	15000.0
87.48	20.0	-8808.96	13.16	13.64	13.67	66.97	38.04	203503	2322.0	12678.0	15000.0
87.5	20.0	-8808.96	13.16	13.64	13.67	66.97	38.04	203504	2323.0	12677.0	15000.0
87.52	20.0	-8809.39	13.2	13.67	11.7	65.89	38.04	203505	2324.0	12676.0	15000.0
87.54	20.0	-8809.39	13.2	13.67	11.7	65.89	38.04	203506	2325.0	12675.0	15000.0
87.56	20.0	-8809.39	13.2	13.67	11.7	65.89	38.04	203507	2326.0	12674.0	15000.0
87.58	20.0	-8809.39	13.2	13.67	11.7	65.89	38.04	203508	2327.0	12673.0	15000.0
87.6	20.0	-8809.39	13.18	13.69	12.54	65.62	38.04	203509	2328.0	12672.0	15000.0
87.61	20.0	-8809.39	13.18	13.69	12.54	65.62	38.04	203510	2329.0	12671.0	15000.0
87.61	20.0	-8811.95	13.2	13.66	12.21	65.49	38.05	203511	2330.0	12670.0	15000.0
87.6	20.0	-8811.95	13.2	13.66	12.21	65.49	38.05	203512	2331.0	12669.0	15000.0
87.59	20.0	-8808.53	13.1	13.65	14.53	67.41	38.05	203513	2332.0	12668.0	15000.0
87.56	20.0	-8808.53	13.1	13.65	14.53	67.41	38.04	203514	2333.0	12667.0	15000.0
87.54	20.0	-8805.54	13.18	13.69	12.09	66.4	38.04	203515	2334.0	12666.0	15000.0
87.52	20.0	-8805.54	13.18	13.69	12.09	66.4	38.04	203516	2335.0	12665.0	15000.0
87.51	20.0	-8807.25	13.25	13.64	11.21	65.38	38.04	203517	2336.0	12664.0	15000.0
87.5	20.0	-8807.25	13.25	13.64	11.21	65.38	38.04	203518	2337.0	12663.0	15000.0
87.5	20.0	-8808.1	13.21	13.66	12.39	66.66	38.04	203519	2338.0	12662.0	15000.0
87.51	20.0	-8808.1	13.21	13.66	12.39	66.66	38.04	203520	2339.0	12661.0	15000.0
87.53	20.0	-8811.95	13.22	13.7	11.67	66.01	38.05	203521	2340.0	12660.0	15000.0
87.55	20.0	-8811.95	13.22	13.7	11.67	66.01	38.05	203522	2341.0	12659.0	15000.0
87.57	20.0	-8810.24	13.17	13.67	14.93	65.94	38.06	203523	2342.0	12658.0	15000.0
87.6	20.0	-8810.24	13.17	13.67	14.93	65.94	38.06	203524	2343.0	12657.0	15000.0
87.63	20.0	-8802.55	13.22	13.61	11.86	67.96	38.05	203525	2344.0	12656.0	15000.0
87.65	20.0	-8802.55	13.22	13.61	11.86	67.96	38.05	203526	2345.0	12655.0	15000.0
87.67	20.0	-8808.53	13.19	13.66	12.4	66.22	38.05	203527	2346.0	12654.0	15000.0
87.69	20.0	-8808.53	13.19	13.66	12.4	66.22	38.05	203528	2347.0	12653.0	15000.0
87.7	20.0	-8813.66	13.18	13.65	12.03	65.65	38.06	203529	2348.0	12652.0	15000.0
87.71	20.0	-8813.66	13.18	13.65	12.03	65.65	38.06	203530	2349.0	12651.0	15000.0
87.71	20.0	-8811.52	13.26	13.68	12.36	63.69	38.07	203531	2350.0	12650.0	15000.0
87.71	20.0	-8811.52	13.26	13.68	12.36	63.69	38.06	203532	2351.0	12649.0	15000.0
87.7	20.0	-8811.52	13.2	13.64	11.75	67.43	38.05	203533	2352.0	12648.0	15000.0
87.7	20.0	-8811.52	13.2	13.64	11.75	67.43	38.05	203534	2353.0	12647.0	15000.0
87.69	20.0	-8811.52	13.2	13.64	11.75	67.43	38.05	203535	2354.0	12646.0	15000.0
87.69	20.0	-8811.52	13.2	13.64	11.75	67.43	38.06	203536	2355.0	12645.0	15000.0
87.69	20.0	-8806.39	13.2	13.67	12.58	66.33	38.07	203537	2356.0	12644.0	15000.0
87.69	20.0	-8806.39	13.2	13.67	12.58	66.33	38.07	203538	2357.0	12643.0	15000.0
87.7	20.1	-8805.97	13.21	13.7	12.57	65.25	38.07	203539	2358.0	12642.0	15000.0
87.71	20.1	-8805.97	13.21	13.7	12.57	65.25	38.06	203540	2359.0	12641.0	15000.0
87.73	20.1	-8811.09	13.27	13.6	10.6	67.84	38.05	203541	2360.0	12640.0	15000.0
87.75	20.1	-8811.09	13.27	13.6	10.6	67.84	38.06	203542	2361.0	12639.0	15000.0
87.78	20.1	-8809.39	13.2	13.68	13.23	65.69	38.07	203543	2362.0	12638.0	15000.0
87.8	20.1	-8809.39	13.2	13.68	13.23	65.69	38.08	203544	2363.0	12637.0	15000.0
87.83	20.1	-8809.81	13.2	13.62	12.52	66.5	38.09	203545	2364.0	12636.0	15000.0
87.85	20.1	-8809.81	13.2	13.62	12.52	66.5	38.08	203546	2365.0	12635.0	15000.0
87.87	20.1	-8814.08	13.25	13.63	10.45	67.09	38.07	203547	2366.0	12634.0	15000.0
87.89	20.1	-8814.08	13.25	13.63	10.45	67.09	38.07	203548	2367.0	12633.0	15000.0
87.9	20.0	-8813.23	13.11	13.63	13.99	66.65	38.07	203549	2368.0	12632.0	15000.0
87.9	20.0	-8813.23	13.11	13.63	13.99	66.65	38.08	203550	2369.0	12631.0	15000.0
87.91	20.0	-8808.1	13.14	13.58	12.52	68.96	38.08	203551	2370.0	12630.0	15000.0
87.9	20.0	-8808.1	13.14	13.58	12.52	68.96	38.08	203552	2371.0	12629.0	15000.0
87.9	20.0	-8808.53	13.19	13.66	12.28	65.4	38.07	203553	2372.0	12628.0	15000.0
87.9	20.0	-8808.53	13.19	13.66	12.28	65.4	38.07	203554	2373.0	12627.0	15000.0
87.89	20.0	-8814.08	13.26	13.57	11.82	68.49	38.07	203555	2374.0	12626.0	15000.0
87.89	20.0	-8814.08	13.26	13.57	11.82	68.49	38.07	203556	2375.0	12625.0	15000.0
87.89	20.0	-8810.67	13.21	13.67	13.53	65.95	38.08	203557	2376.0	12624.0	15000.0
87.89	20.0	-8810.67	13.21	13.67	13.53	65.95	38.09	203558	2377.0	12623.0	15000.0
87.9	20.0	-8810.67	13.15	13.62	12.86	68.06	38.09	203559	2378.0	12622.0	15000.0
87.91	20.0	-8810.67	13.15	13.62	12.86	68.06	38.09	203560	2379.0	12621.0	15000.0
87.92	20.0	-8811.09	13.2	13.71	12.64	65.01	38.09	203561	2380.0	12620.0	15000.0
87.93	20.0	-8811.09	13.2	13.71	12.64	65.01	38.09	203562	2381.0	12619.0	15000.0
87.94	20.0	-8808.1	13.18	13.67	12.21	65.7	38.09	203563	2382.0	12618.0	15000.0
87.95	20.0	-8808.1	13.18	13.67	12.21	65.7	38.09	203564	2383.0	12617.0	15000.0
87.96	20.0	-8811.09	13.23	13.71	11.84	65.25	38.09	203565	2384.0	12616.0	15000.0
87.97	20.0	-8811.09	13.23	13.71	11.84	65.25	38.09	203566	2385.0	12615.0	15000.0
87.98	20.0	-8811.09	13.23	13.71	11.84	65.25	38.09	203567	2386.0	12614.0	15000.0
87.99	20.0	-8811.09	13.23	13.71	11.84	65.25	38.09	203568	2387.0	12613.0	15000.0
88.0	20.0	-8810.67	13.13	13.63	14.61	67.48	38.1	203569	2388.0	12612.0	15000.0
88.01	20.0	-8810.67	13.13	13.63	14.61	67.48	38.1	203570	2389.0	12611.0	15000.0
88.02	20.0	-8808.53	13.19	13.65	12.73	66.8	38.1	203571	2390.0	12610.0	15000.0
88.03	20.0	-8808.53	13.19	13.65	12.73	66.8	38.1	203572	2391.0	12609.0	15000.0
88.04	20.0	-8810.24	13.23	13.68	11.19	64.54	38.1	203573	2392.0	12608.0	15000.0
88.05	20.0	-8810.24	13.23	13.68	11.19	64.54	38.1	203574	2393.0	12607.0	15000.0
88.06	20.0	-8811.95	13.18	13.66	11.61	66.28	38.1	203575	2394.0	12606.0	15000.0
88.07	20.0	-8811.95	13.18	13.66	11.61	66.28	38.1	203576	2395.0	12605.0	15000.0
88.08	20.0	-8811.52	13.19	13.64	12.46	65.99	38.11	203577	2396.0	12604.0	15000.0
88.09	20.0	-8811.52	13.19	13.64	12.46	65.99	38.11	203578	2397.0	12603.0	15000.0
88.1	20.0	-8809.81	13.17	13.72	14.19	65.65	38.1	203579	2398.0	12602.0	15000.0
88.11	20.0	-8809.81	13.17	13.72	14.19	65.65	38.1	203580	2399.0	12601.0	15000.0
88.12	20.0	-8809.81	13.25	13.63	11.12	67.32	38.1	203581	2400.0	12600.0	15000.0
88.13	20.0	-8809.81	13.25	13.63	11.12	67.32	38.09	203582	2401.0	12599.0	15000.0
88.14	20.0	-8813.23	13.24	13.65	12.05	67.19	38.09	203583	2402.0	12598.0	15000.0
88.15	20.0	-8813.23	13.24	13.65	12.05	67.19	38.09	203584	2403.0	12597.0	15000.0
88.16	20.0	-8808.96	13.26	13.7	11.82	65.18	38.1	203585	2404.0	12596.0	15000.0
88.17	20.0	-8808.96	13.26	13.7	11.82	65.18	38.1	203586	2405.0	12595.0	15000.0
88.18	20.0	-8810.67	13.15	13.66	15.11	65.76	38.1	203587	2406.0	12594.0	15000.0
88.19	20.0	-8810.67	13.15	13.66	15.11	65.76	38.1	203588	2407.0	12593.0	15000.0
88.2	20.0	-8805.97	13.19	13.62	11.35	67.62	38.11	203589	2408.0	12592.0	15000.0
88.21	20.0	-8805.97	13.19	13.62	11.35	67.62	38.12	203590	2409.0	12591.0	15000.0
88.22	20.0	-8806.82	13.19	13.64	10.16	66.14	38.12	203591	2410.0	12590.0	15000.0
88.23	20.0	-8806.82	13.19	13.64	10.16	66.14	38.11	203592	2411.0	12589.0	15000.0
88.24	20.0	-8807.68	13.18	13.66	13.43	66.78	38.1	203593	2412.0	12588.0	15000.0
88.25	20.0	-8807.68	13.18	13.66	13.43	66.78	38.11	203594	2413.0	12587.0	15000.0
88.26	20.0	-8806.82	13.19	13.68	11.65	66.23	38.13	203595	2414.0	12586.0	15000.0
88.27	20.0	-8806.82	13.19	13.68	11.65	66.23	38.11	203596	2415.0	12585.0	15000.0
88.28	20.0	-8805.97	13.21	13.71	12.09	63.87	38.1	203597	2416.0	12584.0	15000.0
88.29	20.0	-8805.97	13.21	13.71	12.09	63.87	38.11	203598	2417.0	12583.0	15000.0
88.3	19.9	-8812.38	13.17	13.67	13.65	66.43	38.12	203599	2418.0	12582.0	15000.0
88.31	19.9	-8812.38	13.17	13.67	13.65	66.43	38.13	203600	2419.0	12581.0	15000.0
88.32	19.9	-8810.67	13.22	13.68	9.86	65.93	38.13	203601	2420.0	12580.0	15000.0
88.33	19.9	-8810.67	13.22	13.68	9.86	65.93	38.13	203602	2421.0	12579.0	15000.0
88.34	19.9	-8808.96	13.2	13.68	12.86	64.85	38.13	203603	2422.0	12578.0	15000.0
88.35	19.9	-8808.96	13.2	13.68	12.86	64.85	38.12	203604	2423.0	12577.0	15000.0
88.36	19.9	-8809.81	13.24	13.62	11.0	67.36	38.12	203605	2424.0	12576.0	15000.0
88.37	19.9	-8809.81	13.24	13.62	11.0	67.36	38.12	203606	2425.0	12575.0	15000.0
88.38	19.9	-8808.96	13.17	13.65	12.98	65.65	38.12	203607	2426.0	12574.0	15000.0
88.39	19.9	-8808.96	13.17	13.65	12.98	65.65	38.12	203608	2427.0	12573.0	15000.0
88.4	20.1	-8809.39	13.14	13.6	13.92	67.82	38.13	203609	2428.0	12572.0	15000.0
88.41	20.1	-8809.39	13.14	13.6	13.92	67.82	38.13	203610	2429.0	12571.0	15000.0
88.42	20.1	-8805.54	13.19	13.62	12.35	66.01	38.13	203611	2430.0	12570.0	15000.0
88.43	20.1	-8805.54	13.19	13.62	12.35	66.01	38.12	203612	2431.0	12569.0	15000.0
88.44	20.1	-8810.24	13.19	13.63	12.93	67.25	38.12	203613	2432.0	12568.0	15000.0
88.45	20.1	-8810.24	13.19	13.63	12.93	67.25	38.13	203614	2433.0	12567.0	15000.0
88.46	20.1	-8808.1	13.24	13.67	12.17	66.7	38.14	203615	2434.0	12566.0	15000.0
88.47	20.1	-8808.1	13.24	13.67	12.17	66.7	38.14	203616	2435.0	12565.0	15000.0
88.48	20.1	-8809.39	13.22	13.65	12.11	65.4	38.14	203617	2436.0	12564.0	15000.0
88.49	20.1	-8809.39	13.22	13.65	12.11	65.4	38.14	203618	2437.0	12563.0	15000.0
88.5	20.1	-8811.09	13.22	13.65	10.61	66.42	38.14	203619	2438.0	12562.0	15000.0
88.51	20.1	-8811.09	13.22	13.65	10.61	66.42	38.14	203620	2439.0	12561.0	15000.0
88.52	20.1	-8811.09	13.22	13.65	10.61	66.42	38.14	203621	2440.0	12560.0	15000.0
88.53	20.1	-8811.09	13.22	13.65	10.61	66.42	38.13	203622	2441.0	12559.0	15000.0
88.54	20.1	-8811.52	13.14	13.64	12.28	66.44	38.13	203623	2442.0	12558.0	15000.0
88.55	20.1	-8811.52	13.14	13.64	12.28	66.44	38.13	203624	2443.0	12557.0	15000.0
88.56	20.1	-8805.11	13.19	13.63	11.16	66.3	38.14	203625	2444.0	12556.0	15000.0
88.57	20.1	-8805.11	13.19	13.63	11.16	66.3	38.14	203626	2445.0	12555.0	15000.0
88.58	20.1	-8810.67	13.21	13.7	13.8	64.62	38.14	203627	2446.0	12554.0	15000.0
88.59	20.1	-8810.67	13.21	13.7	13.8	64.62	38.14	203628	2447.0	12553.0	15000.0
88.6	20.0	-8809.81	13.2	13.61	11.95	67.35	38.14	203629	2448.0	12552.0	15000.0
88.61	20.0	-8809.81	13.2	13.61	11.95	67.35	38.14	203630	2449.0	12551.0	15000.0
88.61	20.0	-8808.96	13.22	13.61	10.45	66.2	38.15	203631	2450.0	12550.0	15000.0
88.61	20.0	-8808.96	13.22	13.61	10.45	66.2	38.15	203632	2451.0	12549.0	15000.0
88.61	20.0	-8814.94	13.19	13.62	11.68	66.11	38.16	203633	2452.0	12548.0	15000.0
88.61	20.0	-8814.94	13.19	13.62	11.68	66.11	38.15	203634	2453.0	12547.0	15000.0
88.6	20.0	-8806.82	13.27	13.69	11.84	63.94	38.14	203635	2454.0	12546.0	15000.0
88.6	20.0	-8806.82	13.27	13.69	11.84	63.94	38.15	203636	2455.0	12545.0	15000.0
88.6	20.0	-8810.67	13.16	13.66	13.81	66.92	38.15	203637	2456.0	12544.0	15000.0
88.6	20.0	-8810.67	13.16	13.66	13.81	66.92	38.15	203638	2457.0	12543.0	15000.0
88.6	20.0	-8803.4	13.15	13.58	12.43	69.25	38.15	203639	2458.0	12542.0	15000.0
88.61	20.0	-8803.4	13.15	13.58	12.43	69.25	38.15	203640	2459.0	12541.0	15000.0
88.61	20.0	-8807.25	13.21	13.64	11.85	66.72	38.15	203641	2460.0	12540.0	15000.0
88.62	20.0	-8807.25	13.21	13.64	11.85	66.72	38.14	203642	2461.0	12539.0	15000.0
88.64	20.0	-8809.81	13.29	13.63	11.07	67.52	38.14	203643	2462.0	12538.0	15000.0
88.65	20.0	-8809.81	13.29	13.63	11.07	67.52	38.14	203644	2463.0	12537.0	15000.0
88.66	20.0	-8809.81	13.2	13.66	12.03	66.37	38.15	203645	2464.0	12536.0	15000.0
88.67	20.0	-8809.81	13.2	13.66	12.03	66.37	38.15	203646	2465.0	12535.0	15000.0
88.68	20.0	-8809.39	13.16	13.72	15.36	64.42	38.15	203647	2466.0	12534.0	15000.0
88.69	20.0	-8809.39	13.16	13.72	15.36	64.42	38.15	203648	2467.0	12533.0	15000.0
88.7	20.0	-8806.82	13.19	13.61	11.64	67.65	38.15	203649	2468.0	12532.0	15000.0
88.7	20.0	-8806.82	13.19	13.61	11.64	67.65	38.16	203650	2469.0	12531.0	15000.0
88.71	20.0	-8809.81	13.2	13.59	10.38	66.74	38.17	203651	2470.0	12530.0	15000.0
88.71	20.0	-8809.81	13.2	13.59	10.38	66.74	38.16	203652	2471.0	12529.0	15000.0
88.7	20.0	-8813.23	13.17	13.66	13.77	66.09	38.16	203653	2472.0	12528.0	15000.0
88.7	20.0	-8813.23	13.17	13.66	13.77	66.09	38.16	203654	2473.0	12527.0	15000.0
88.7	20.0	-8808.1	13.24	13.7	11.51	65.76	38.16	203655	2474.0	12526.0	15000.0
88.69	20.0	-8808.1	13.24	13.7	11.51	65.76	38.16	203656	2475.0	12525.0	15000.0
88.69	20.0	-8812.8	13.17	13.67	13.75	65.76	38.16	203657	2476.0	12524.0	15000.0
88.7	20.0	-8812.8	13.17	13.67	13.75	65.76	38.16	203658	2477.0	12523.0	15000.0
88.7	20.0	-8807.68	13.15	13.58	12.67	68.71	38.16	203659	2478.0	12522.0	15000.0
88.71	20.0	-8807.68	13.15	13.58	12.67	68.71	38.16	203660	2479.0	12521.0	15000.0
88.73	20.0	-8807.68	13.15	13.58	12.67	68.71	38.16	203661	2480.0	12520.0	15000.0
88.75	20.0	-8807.68	13.15	13.58	12.67	68.71	38.16	203662	2481.0	12519.0	15000.0
88.78	20.0	-8806.39	13.21	13.66	11.84	66.01	38.17	203663	2482.0	12518.0	15000.0
88.81	20.0	-8806.39	13.21	13.66	11.84	66.01	38.18	203664	2483.0	12517.0	15000.0
88.84	20.0	-8809.81	13.14	13.65	12.73	65.71	38.19	203665	2484.0	12516.0	15000.0
88.86	20.0	-8809.81	13.14	13.65	12.73	65.71	38.18	203666	2485.0	12515.0	15000.0
88.88	20.0	-8807.68	13.28	13.65	11.76	66.8	38.17	203667	2486.0	12514.0	15000.0
88.89	20.0	-8807.68	13.28	13.65	11.76	66.8	38.17	203668	2487.0	12513.0	15000.0
88.9	20.0	-8810.24	13.2	13.68	12.35	66.08	38.17	203669	2488.0	12512.0	15000.0
88.9	20.0	-8810.24	13.2	13.68	12.35	66.08	38.18	203670	2489.0	12511.0	15000.0
88.9	20.0	-8811.95	13.17	13.67	14.52	66.04	38.18	203671	2490.0	12510.0	15000.0
88.9	20.0	-8811.95	13.17	13.67	14.52	66.04	38.18	203672	2491.0	12509.0	15000.0
88.9	20.0	-8811.52	13.21	13.67	11.06	64.75	38.17	203673	2492.0	12508.0	15000.0
88.9	20.0	-8811.52	13.21	13.67	11.06	64.75	38.17	203674	2493.0	12507.0	15000.0
88.9	20.0	-8810.67	13.21	13.62	12.4	67.36	38.17	203675	2494.0	12506.0	15000.0
88.9	20.0	-8810.67	13.21	13.62	12.4	67.36	38.18	203676	2495.0	12505.0	15000.0
88.9	20.0	-8810.67	13.22	13.69	12.02	65.47	38.19	203677	2496.0	12504.0	15000.0
88.9	20.0	-8810.67	13.22	13.69	12.02	65.47	38.19	203678	2497.0	12503.0	15000.0
88.9	20.0	-8805.54	13.14	13.68	14.78	65.73	38.19	203679	2498.0	12502.0	15000.0
88.9	20.0	-8805.54	13.14	13.68	14.78	65.73	38.18	203680	2499.0	12501.0	15000.0
88.9	20.0	-8804.69	13.21	13.62	11.65	67.06	38.17	203681	2500.0	12500.0	15000.0
88.9	20.0	-8804.69	13.21	13.62	11.65	67.06	38.18	203682	2501.0	12499.0	15000.0
88.9	20.0	-8807.25	13.19	13.65	13.01	65.87	38.19	203683	2502.0	12498.0	15000.0
88.9	20.0	-8807.25	13.19	13.65	13.01	65.87	38.2	203684	2503.0	12497.0	15000.0
88.9	20.0	-8810.24	13.19	13.69	11.73	65.16	38.2	203685	2504.0	12496.0	15000.0
88.9	20.0	-8810.24	13.19	13.69	11.73	65.16	38.19	203686	2505.0	12495.0	15000.0
88.9	20.0	-8807.68	13.22	13.66	12.84	64.44	38.19	203687	2506.0	12494.0	15000.0
88.9	20.0	-8807.68	13.22	13.66	12.84	64.44	38.19	203688	2507.0	12493.0	15000.0
88.9	20.0	-8808.96	13.21	13.67	11.98	65.53	38.19	203689	2508.0	12492.0	15000.0
88.9	20.0	-8808.96	13.21	13.67	11.98	65.53	38.19	203690	2509.0	12491.0	15000.0
88.91	20.0	-8813.23	13.21	13.68	12.18	65.58	38.19	203691	2510.0	12490.0	15000.0
88.92	20.0	-8813.23	13.21	13.68	12.18	65.58	38.19	203692	2511.0	12489.0	15000.0
88.93	20.0	-8807.68	13.23	13.7	11.88	63.54	38.19	203693	2512.0	12488.0	15000.0
88.94	20.0	-8807.68	13.23	13.7	11.88	63.54	38.19	203694	2513.0	12487.0	15000.0
88.95	20.0	-8807.68	13.23	13.7	11.88	63.54	38.19	203695	2514.0	12486.0	15000.0
88.96	20.0	-8807.68	13.23	13.7	11.88	63.54	38.19	203696	2515.0	12485.0	15000.0
88.98	20.0	-8807.68	13.16	13.67	14.12	65.76	38.19	203697	2516.0	12484.0	15000.0
88.99	20.0	-8807.68	13.16	13.67	14.12	65.76	38.19	203698	2517.0	12483.0	15000.0
89.0	20.0	-8812.8	13.17	13.69	12.49	67.1	38.19	203699	2518.0	12482.0	15000.0
89.01	20.0	-8812.8	13.17	13.69	12.49	67.1	38.19	203700	2519.0	12481.0	15000.0
89.02	20.0	-8807.68	13.22	13.65	12.37	66.24	38.19	203701	2520.0	12480.0	15000.0
89.03	20.0	-8807.68	13.22	13.65	12.37	66.24	38.19	203702	2521.0	12479.0	15000.0
89.04	20.0	-8812.8	13.21	13.63	12.2	67.25	38.19	203703	2522.0	12478.0	15000.0
89.05	20.0	-8812.8	13.21	13.63	12.2	67.25	38.19	203704	2523.0	12477.0	15000.0
89.06	20.0	-8808.96	13.24	13.64	11.59	66.76	38.2	203705	2524.0	12476.0	15000.0
89.07	20.0	-8808.96	13.24	13.64	11.59	66.76	38.21	203706	2525.0	12475.0	15000.0
89.08	20.0	-8809.39	13.16	13.66	14.72	65.94	38.21	203707	2526.0	12474.0	15000.0
89.09	20.0	-8809.39	13.16	13.66	14.72	65.94	38.21	203708	2527.0	12473.0	15000.0
89.1	20.1	-8806.39	13.23	13.64	11.59	67.58	38.21	203709	2528.0	12472.0	15000.0
89.11	20.1	-8806.39	13.23	13.64	11.59	67.58	38.21	203710	2529.0	12471.0	15000.0
89.12	20.1	-8808.53	13.22	13.69	11.05	65.03	38.2	203711	2530.0	12470.0	15000.0
89.13	20.1	-8808.53	13.22	13.69	11.05	65.03	38.19	203712	2531.0	12469.0	15000.0
89.14	20.1	-8806.82	13.21	13.67	13.03	65.95	38.19	203713	2532.0	12468.0	15000.0
89.15	20.1	-8806.82	13.21	13.67	13.03	65.95	38.19	203714	2533.0	12467.0	15000.0
89.16	20.1	-8809.39	13.26	13.61	10.87	67.35	38.2	203715	2534.0	12466.0	15000.0
89.17	20.1	-8809.39	13.26	13.61	10.87	67.35	38.21	203716	2535.0	12465.0	15000.0
89.18	20.1	-8811.52	13.18	13.67	13.5	65.76	38.21	203717	2536.0	12464.0	15000.0
89.19	20.1	-8811.52	13.18	13.67	13.5	65.76	38.21	203718	2537.0	12463.0	15000.0
89.2	20.2	-8811.52	13.16	13.61	12.46	67.9	38.21	203719	2538.0	12462.0	15000.0
89.21	20.2	-8811.52	13.16	13.61	12.46	67.9	38.21	203720	2539.0	12461.0	15000.0
89.22	20.2	-8805.97	13.21	13.72	12.74	65.2	38.21	203721	2540.0	12460.0	15000.0
89.23	20.2	-8805.97	13.21	13.72	12.74	65.2	38.22	203722	2541.0	12459.0	15000.0
89.24	20.2	-8812.38	13.17	13.68	11.98	65.07	38.23	203723	2542.0	12458.0	15000.0
89.25	20.2	-8812.38	13.17	13.68	11.98	65.07	38.22	203724	2543.0	12457.0	15000.0
89.26	20.2	-8808.1	13.22	13.69	12.9	64.41	38.21	203725	2544.0	12456.0	15000.0
89.27	20.2	-8808.1	13.22	13.69	12.9	64.41	38.21	203726	2545.0	12455.0	15000.0
89.28	20.2	-8810.67	13.18	13.63	12.92	67.17	38.21	203727	2546.0	12454.0	15000.0
89.29	20.2	-8810.67	13.18	13.63	12.92	67.17	38.21	203728	2547.0	12453.0	15000.0
89.3	20.0	-8806.82	13.17	13.68	11.8	66.02	38.21	203729	2548.0	12452.0	15000.0
89.31	20.0	-8806.82	13.17	13.68	11.8	66.02	38.22	203730	2549.0	12451.0	15000.0
89.32	20.0	-8808.53	13.19	13.65	12.7	66.37	38.23	203731	2550.0	12450.0	15000.0
89.33	20.0	-8808.53	13.19	13.65	12.7	66.37	38.22	203732	2551.0	12449.0	15000.0
89.34	20.0	-8809.81	13.24	13.59	11.64	67.94	38.21	203733	2552.0	12448.0	15000.0
89.35	20.0	-8809.81	13.24	13.59	11.64	67.94	38.22	203734	2553.0	12447.0	15000.0
89.36	20.0	-8804.69	13.2	13.68	11.71	65.61	38.22	203735	2554.0	12446.0	15000.0
89.37	20.0	-8804.69	13.2	13.68	11.71	65.61	38.22	203736	2555.0	12445.0	15000.0
89.38	20.0	-8809.39	13.15	13.74	14.75	64.45	38.22	203737	2556.0	12444.0	15000.0
89.39	20.0	-8809.39	13.15	13.74	14.75	64.45	38.22	203738	2557.0	12443.0	15000.0
89.4	20.1	-8809.39	13.15	13.74	14.75	64.45	38.22	203739	2558.0	12442.0	15000.0
89.4	20.1	-8809.39	13.15	13.74	14.75	64.45	38.22	203740	2559.0	12441.0	15000.0
89.4	20.1	-8808.1	13.19	13.6	11.66	67.99	38.21	203741	2560.0	12440.0	15000.0
89.39	20.1	-8808.1	13.19	13.6	11.66	67.99	38.22	203742	2561.0	12439.0	15000.0
89.37	20.1	-8810.24	13.23	13.59	11.23	66.27	38.23	203743	2562.0	12438.0	15000.0
89.35	20.1	-8810.24	13.23	13.59	11.23	66.27	38.22	203744	2563.0	12437.0	15000.0
89.33	20.1	-8810.24	13.2	13.66	12.67	66.34	38.21	203745	2564.0	12436.0	15000.0
89.31	20.1	-8810.24	13.2	13.66	12.67	66.34	38.22	203746	2565.0	12435.0	15000.0
89.3	20.1	-8808.1	13.2	13.64	11.39	66.3	38.23	203747	2566.0	12434.0	15000.0
89.3	20.1	-8808.1	13.2	13.64	11.39	66.3	38.23	203748	2567.0	12433.0	15000.0
89.3	20.0	-8807.68	13.13	13.64	13.63	67.69	38.23	203749	2568.0	12432.0	15000.0
89.31	20.0	-8807.68	13.13	13.64	13.63	67.69	38.23	203750	2569.0	12431.0	15000.0
89.32	20.0	-8807.68	13.13	13.64	13.63	67.69	38.23	203751	2570.0	12430.0	15000.0
89.33	20.0	-8807.68	13.13	13.64	13.63	67.69	38.24	203752	2571.0	12429.0	15000.0
89.34	20.0	-8806.82	13.14	13.67	13.03	66.17	38.25	203753	2572.0	12428.0	15000.0
89.35	20.0	-8806.82	13.14	13.67	13.03	66.17	38.24	203754	2573.0	12427.0	15000.0
89.36	20.0	-8809.81	13.23	13.6	11.77	68.55	38.23	203755	2574.0	12426.0	15000.0
89.37	20.0	-8809.81	13.23	13.6	11.77	68.55	38.24	203756	2575.0	12425.0	15000.0
89.38	20.0	-8808.96	13.17	13.64	12.68	65.97	38.24	203757	2576.0	12424.0	15000.0
89.39	20.0	-8808.96	13.17	13.64	12.68	65.97	38.24	203758	2577.0	12423.0	15000.0
89.4	20.0	-8809.81	13.16	13.71	13.59	66.03	38.24	203759	2578.0	12422.0	15000.0
89.41	20.0	-8809.81	13.16	13.71	13.59	66.03	38.24	203760	2579.0	12421.0	15000.0
89.42	20.0	-8805.11	13.23	13.64	12.53	65.76	38.24	203761	2580.0	12420.0	15000.0
89.43	20.0	-8805.11	13.23	13.64	12.53	65.76	38.24	203762	2581.0	12419.0	15000.0
89.44	20.0	-8809.81	13.24	13.7	11.19	64.93	38.25	203763	2582.0	12418.0	15000.0
89.45	20.0	-8809.81	13.24	13.7	11.19	64.93	38.25	203764	2583.0	12417.0	15000.0
89.46	20.0	-8811.52	13.21	13.66	11.91	66.47	38.25	203765	2584.0	12416.0	15000.0
89.47	20.0	-8811.52	13.21	13.66	11.91	66.47	38.25	203766	2585.0	12415.0	15000.0
89.48	20.0	-8807.25	13.24	13.69	11.85	65.43	38.25	203767	2586.0	12414.0	15000.0
89.49	20.0	-8807.25	13.24	13.69	11.85	65.43	38.25	203768	2587.0	12413.0	15000.0
89.5	20.1	-8808.53	13.14	13.7	14.6	65.86	38.25	203769	2588.0	12412.0	15000.0
89.51	20.1	-8808.53	13.14	13.7	14.6	65.86	38.24	203770	2589.0	12411.0	15000.0
89.51	20.1	-8808.53	13.24	13.64	11.46	66.94	38.24	203771	2590.0	12410.0	15000.0
89.51	20.1	-8808.53	13.24	13.64	11.46	66.94	38.24	203772	2591.0	12409.0	15000.0
89.51	20.1	-8808.53	13.24	13.64	11.46	66.94	38.24	203773	2592.0	12408.0	15000.0
89.51	20.1	-8808.53	13.24	13.64	11.46	66.94	38.24	203774	2593.0	12407.0	15000.0
89.5	20.1	-8808.96	13.18	13.71	13.04	65.9	38.24	203775	2594.0	12406.0	15000.0
89.5	20.1	-8808.96	13.18	13.71	13.04	65.9	38.24	203776	2595.0	12405.0	15000.0
89.5	20.1	-8812.38	13.21	13.63	11.54	66.55	38.25	203777	2596.0	12404.0	15000.0
89.5	20.1	-8812.38	13.21	13.63	11.54	66.55	38.25	203778	2597.0	12403.0	15000.0
89.5	20.0	-8810.24	13.19	13.77	13.56	63.75	38.25	203779	2598.0	12402.0	15000.0
89.51	20.0	-8810.24	13.19	13.77	13.56	63.75	38.26	203780	2599.0	12401.0	15000.0
89.52	20.0	-8809.39	13.16	13.6	12.74	68.81	38.26	203781	2600.0	12400.0	15000.0
89.53	20.0	-8809.39	13.16	13.6	12.74	68.81	38.25	203782	2601.0	12399.0	15000.0
89.54	20.0	-8809.39	13.17	13.71	12.68	65.36	38.25	203783	2602.0	12398.0	15000.0
89.55	20.0	-8809.39	13.17	13.71	12.68	65.36	38.24	203784	2603.0	12397.0	15000.0
89.56	20.0	-8808.53	13.25	13.59	10.66	67.85	38.24	203785	2604.0	12396.0	15000.0
89.57	20.0	-8808.53	13.25	13.59	10.66	67.85	38.25	203786	2605.0	12395.0	15000.0
89.58	20.0	-8808.96	13.19	13.7	13.01	65.76	38.26	203787	2606.0	12394.0	15000.0
89.59	20.0	-8808.96	13.19	13.7	13.01	65.76	38.25	203788	2607.0	12393.0	15000.0
89.6	20.0	-8810.67	13.15	13.67	12.31	66.35	38.25	203789	2608.0	12392.0	15000.0
89.6	20.0	-8810.67	13.15	13.67	12.31	66.35	38.26	203790	2609.0	12391.0	15000.0
89.61	20.0	-8808.1	13.19	13.64	12.27	66.04	38.26	203791	2610.0	12390.0	15000.0
89.61	20.0	-8808.1	13.19	13.64	12.27	66.04	38.26	203792	2611.0	12389.0	15000.0
89.6	20.0	-8812.38	13.22	13.58	11.55	68.4	38.26	203793	2612.0	12388.0	15000.0
89.6	20.0	-8812.38	13.22	13.58	11.55	68.4	38.26	203794	2613.0	12387.0	15000.0
89.6	20.0	-8809.81	13.22	13.69	12.43	65.54	38.26	203795	2614.0	12386.0	15000.0
89.6	20.0	-8809.81	13.22	13.69	12.43	65.54	38.26	203796	2615.0	12385.0	15000.0
89.6	20.0	-8809.81	13.22	13.69	12.43	65.54	38.26	203797	2616.0	12384.0	15000.0
89.6	20.0	-8809.81	13.22	13.69	12.43	65.54	38.26	203798	2617.0	12383.0	15000.0
89.6	20.0	-8812.38	13.18	13.69	13.64	66.44	38.26	203799	2618.0	12382.0	15000.0
89.61	20.0	-8812.38	13.18	13.69	13.64	66.44	38.27	203800	2619.0	12381.0	15000.0
89.61	20.0	-8807.68	13.21	13.6	11.59	66.69	38.28	203801	2620.0	12380.0	15000.0
89.62	20.0	-8807.68	13.21	13.6	11.59	66.69	38.27	203802	2621.0	12379.0	15000.0
89.64	20.0	-8809.81	13.18	13.62	12.99	67.85	38.27	203803	2622.0	12378.0	15000.0
89.65	20.0	-8809.81	13.18	13.62	12.99	67.85	38.27	203804	2623.0	12377.0	15000.0
89.66	20.0	-8810.24	13.23	13.65	11.16	67.04	38.27	203805	2624.0	12376.0	15000.0
89.67	20.0	-8810.24	13.23	13.65	11.16	67.04	38.27	203806	2625.0	12375.0	15000.0
89.68	20.0	-8811.09	13.14	13.71	13.07	67.63	38.27	203807	2626.0	12374.0	15000.0
89.69	20.0	-8811.09	13.14	13.71	13.07	67.63	38.27	203808	2627.0	12373.0	15000.0
89.7	20.0	-8804.69	13.21	13.64	12.56	67.59	38.27	203809	2628.0	12372.0	15000.0
89.7	20.0	-8804.69	13.21	13.64	12.56	67.59	38.27	203810	2629.0	12371.0	15000.0
89.69	20.0	-8810.67	13.19	13.63	10.49	66.47	38.27	203811	2630.0	12370.0	15000.0
89.68	20.0	-8810.67	13.19	13.63	10.49	66.47	38.27	203812	2631.0	12369.0	15000.0
89.67	20.0	-8808.96	13.16	13.7	13.45	65.8	38.27	203813	2632.0	12368.0	15000.0
89.65	20.0	-8808.96	13.16	13.7	13.45	65.8	38.28	203814	2633.0	12367.0	15000.0
89.63	20.0	-8811.52	13.23	13.66	11.29	65.53	38.28	203815	2634.0	12366.0	15000.0
89.62	20.0	-8811.52	13.23	13.66	11.29	65.53	38.28	203816	2635.0	12365.0	15000.0
89.61	20.0	-8807.25	13.24	13.68	12.69	64.61	38.28	203817	2636.0	12364.0	15000.0
89.6	20.0	-8807.25	13.24	13.68	12.69	64.61	38.28	203818	2637.0	12363.0	15000.0
89.6	20.0	-8811.52	13.17	13.66	13.34	66.83	38.28	203819	2638.0	12362.0	15000.0
89.61	20.0	-8811.52	13.17	13.66	13.34	66.83	38.28	203820	2639.0	12361.0	15000.0
89.63	20.0	-8810.67	13.2	13.66	12.06	66.14	38.28	203821	2640.0	12360.0	15000.0
89.65	20.0	-8810.67	13.2	13.66	12.06	66.14	38.29	203822	2641.0	12359.0	15000.0
89.67	20.0	-8809.81	13.25	13.64	11.4	67.27	38.29	203823	2642.0	12358.0	15000.0
89.7	20.0	-8809.81	13.25	13.64	11.4	67.27	38.29	203824	2643.0	12357.0	15000.0
89.73	20.0	-8807.68	13.16	13.67	12.98	65.66	38.28	203825	2644.0	12356.0	15000.0
89.75	20.0	-8807.68	13.16	13.67	12.98	65.66	38.28	203826	2645.0	12355.0	15000.0
89.77	20.0	-8807.68	13.16	13.67	12.98	65.66	38.28	203827	2646.0	12354.0	15000.0
89.79	20.0	-8807.68	13.16	13.67	12.98	65.66	38.29	203828	2647.0	12353.0	15000.0
89.8	20.0	-8809.81	13.13	13.66	13.88	67.75	38.3	203829	2648.0	12352.0	15000.0
89.8	20.0	-8809.81	13.13	13.66	13.88	67.75	38.29	203830	2649.0	12351.0	15000.0
89.8	20.0	-8811.09	13.21	13.7	11.86	65.53	38.28	203831	2650.0	12350.0	15000.0
89.8	20.0	-8811.09	13.21	13.7	11.86	65.53	38.28	203832	2651.0	12349.0	15000.0
89.8	20.0	-8808.1	13.18	13.63	12.84	67.36	38.28	203833	2652.0	12348.0	15000.0
89.79	20.0	-8808.1	13.18	13.63	12.84	67.36	38.29	203834	2653.0	12347.0	15000.0
89.79	20.0	-8808.96	13.19	13.66	10.96	66.48	38.29	203835	2654.0	12346.0	15000.0
89.79	20.0	-8808.96	13.19	13.66	10.96	66.48	38.29	203836	2655.0	12345.0	15000.0
89.79	20.0	-8810.67	13.19	13.68	13.37	65.5	38.29	203837	2656.0	12344.0	15000.0
89.79	20.0	-8810.67	13.19	13.68	13.37	65.5	38.28	203838	2657.0	12343.0	15000.0
89.8	20.0	-8814.08	13.16	13.65	12.35	66.75	38.28	203839	2658.0	12342.0	15000.0
89.81	20.0	-8814.08	13.16	13.65	12.35	66.75	38.28	203840	2659.0	12341.0	15000.0
89.82	20.0	-8809.81	13.23	13.6	11.19	66.48	38.29	203841	2660.0	12340.0	15000.0
89.83	20.0	-8809.81	13.23	13.6	11.19	66.48	38.29	203842	2661.0	12339.0	15000.0
89.84	20.0	-8807.68	13.21	13.66	12.01	66.72	38.29	203843	2662.0	12338.0	15000.0
89.85	20.0	-8807.68	13.21	13.66	12.01	66.72	38.3	203844	2663.0	12337.0	15000.0
89.86	20.0	-8809.39	13.19	13.7	11.77	65.15	38.3	203845	2664.0	12336.0	15000.0
89.87	20.0	-8809.39	13.19	13.7	11.77	65.15	38.3	203846	2665.0	12335.0	15000.0
89.88	20.0	-8812.38	13.2	13.69	15.11	65.22	38.3	203847	2666.0	12334.0	15000.0
89.89	20.0	-8812.38	13.2	13.69	15.11	65.22	38.3	203848	2667.0	12333.0	15000.0
89.9	20.1	-8805.97	13.22	13.65	11.34	66.78	38.31	203849	2668.0	12332.0	15000.0
89.91	20.1	-8805.97	13.22	13.65	11.34	66.78	38.31	203850	2669.0	12331.0	15000.0
89.92	20.1	-8810.24	13.16	13.69	12.87	65.73	38.3	203851	2670.0	12330.0	15000.0
89.93	20.1	-8810.24	13.16	13.69	12.87	65.73	38.31	203852	2671.0	12329.0	15000.0
89.94	20.1	-8804.69	13.17	13.68	12.43	65.48	38.32	203853	2672.0	12328.0	15000.0
89.95	20.1	-8804.69	13.17	13.68	12.43	65.48	38.31	203854	2673.0	12327.0	15000.0
89.96	20.1	-8808.1	13.24	13.71	12.79	64.0	38.3	203855	2674.0	12326.0	15000.0
89.97	20.1	-8808.1	13.24	13.71	12.79	64.0	38.31	203856	2675.0	12325.0	15000.0
89.98	20.1	-8811.52	13.15	13.63	14.56	67.42	38.31	203857	2676.0	12324.0	15000.0
89.99	20.1	-8811.52	13.15	13.63	14.56	67.42	38.31	203858	2677.0	12323.0	15000.0
90.0	20.1	-8811.52	13.15	13.63	14.56	67.42	38.31	203859	2678.0	12322.0	15000.0
90.01	20.1	-8811.52	13.15	13.63	14.56	67.42	38.31	203860	2679.0	12321.0	15000.0
90.01	20.1	-8811.09	13.2	13.67	12.55	66.28	38.31	203861	2680.0	12320.0	15000.0
90.01	20.1	-8811.09	13.2	13.67	12.55	66.28	38.32	203862	2681.0	12319.0	15000.0
90.01	20.1	-8808.1	13.23	13.65	12.63	65.83	38.33	203863	2682.0	12318.0	15000.0
90.01	20.1	-8808.1	13.23	13.65	12.63	65.83	38.32	203864	2683.0	12317.0	15000.0
90.0	20.1	-8808.1	13.18	13.72	13.09	65.34	38.31	203865	2684.0	12316.0	15000.0
90.0	20.1	-8808.1	13.18	13.72	13.09	65.34	38.31	203866	2685.0	12315.0	15000.0
90.0	20.1	-8808.1	13.18	13.68	12.34	66.89	38.31	203867	2686.0	12314.0	15000.0
90.0	20.1	-8808.1	13.18	13.68	12.34	66.89	38.32	203868	2687.0	12313.0	15000.0
90.0	20.2	-8807.25	13.17	13.62	11.41	67.32	38.32	203869	2688.0	12312.0	15000.0
90.01	20.2	-8807.25	13.17	13.62	11.41	67.32	38.32	203870	2689.0	12311.0	15000.0
90.02	20.2	-8813.23	13.2	13.67	12.5	66.34	38.31	203871	2690.0	12310.0	15000.0
90.03	20.2	-8813.23	13.2	13.67	12.5	66.34	38.31	203872	2691.0	12309.0	15000.0
90.04	20.2	-8808.53	13.21	13.63	11.64	66.66	38.32	203873	2692.0	12308.0	15000.0
90.06	20.2	-8808.53	13.21	13.63	11.64	66.66	38.31	203874	2693.0	12307.0	15000.0
90.07	20.2	-8808.1	13.14	13.73	15.08	64.54	38.31	203875	2694.0	12306.0	15000.0
90.08	20.2	-8808.1	13.14	13.73	15.08	64.54	38.32	203876	2695.0	12305.0	15000.0
90.09	20.2	-8809.39	13.19	13.63	11.74	67.69	38.32	203877	2696.0	12304.0	15000.0
90.1	20.2	-8809.39	13.19	13.63	11.74	67.69	38.32	203878	2697.0	12303.0	15000.0
90.1	20.2	-8809.81	13.22	13.64	11.3	65.56	38.32	203879	2698.0	12302.0	15000.0
90.1	20.2	-8809.81	13.22	13.64	11.3	65.56	38.32	203880	2699.0	12301.0	15000.0
90.1	20.2	-8807.25	13.16	13.66	12.88	66.2	38.32	203881	2700.0	12300.0	15000.0
90.1	20.2	-8807.25	13.16	13.66	12.88	66.2	38.32	203882	2701.0	12299.0	15000.0
90.1	20.2	-8806.82	13.23	13.59	11.09	67.03	38.32	203883	2702.0	12298.0	15000.0
90.1	20.2	-8806.82	13.23	13.59	11.09	67.03	38.32	203884	2703.0	12297.0	15000.0
90.1	20.2	-8809.81	13.18	13.66	14.0	66.34	38.32	203885	2704.0	12296.0	15000.0
90.1	20.2	-8809.81	13.18	13.66	14.0	66.34	38.32	203886	2705.0	12295.0	15000.0
90.1	20.2	-8809.81	13.18	13.66	14.0	66.34	38.32	203887	2706.0	12294.0	15000.0
90.1	20.2	-8809.81	13.18	13.66	14.0	66.34	38.32	203888	2707.0	12293.0	15000.0
90.1	20.3	-8804.26	13.15	13.61	13.07	68.11	38.33	203889	2708.0	12292.0	15000.0
90.1	20.3	-8804.26	13.15	13.61	13.07	68.11	38.33	203890	2709.0	12291.0	15000.0
90.1	20.3	-10385.07	10.23	17.63	5.43	37.59	38.33	203891	2710.0	12290.0	15000.0
90.1	20.3	-10385.07	10.23	17.63	5.43	37.59	38.33	203892	2711.0	12289.0	15000.0
90.1	20.3	-10493.59	-1.36	16.8	-0.09	-5.54	38.32	203893	2712.0	12288.0	15000.0
90.1	20.3	-10493.59	-1.36	16.8	-0.09	-5.54	38.32	203894	2713.0	12287.0	15000.0
90.1	20.3	-9320.8	0.18	15.4	0.46	0.63	38.32	203895	2714.0	12286.0	15000.0
90.1	20.3	-9320.8	0.18	15.4	0.46	0.63	38.3	203896	2715.0	12285.0	15000.0
90.1	20.3	-8934.14	0.93	15.1	-0.02	3.88	38.27	203897	2716.0	12284.0	15000.0
90.1	20.3	-8934.14	0.93	15.1	-0.02	3.88	38.25	203898	2717.0	12283.0	15000.0
90.1	20.2	-8841.86	1.09	15.01	0.34	4.73	38.23	203899	2718.0	12282.0	15000.0
90.09	20.2	-8841.86	1.09	15.01	0.34	4.73	38.22	203900	2719.0	12281.0	15000.0
90.07	20.2	-8819.64	1.2	14.94	-0.57	5.19	38.2	203901	2720.0	12280.0	15000.0
90.04	20.2	-8819.64	1.2	14.94	-0.57	5.19	38.18	203902	2721.0	12279.0	15000.0
89.99	20.2	-8816.22	1.17	15.0	-0.24	5.52	38.15	203903	2722.0	12278.0	15000.0
89.94	20.2	-8816.22	1.17	15.0	-0.24	5.52	38.12	203904	2723.0	12277.0	15000.0
89.88	20.2	-8817.08	1.18	14.98	0.12	5.54	38.09	203905	2724.0	12276.0	15000.0
89.81	20.2	-8817.08	1.18	14.98	0.12	5.54	38.06	203906	2725.0	12275.0	15000.0
89.74	20.2	-8807.25	1.14	14.99	0.1	5.41	38.03	203907	2726.0	12274.0	15000.0
89.67	20.2	-8807.25	1.14	14.99	0.1	5.41	38.0	203908	2727.0	12273.0	15000.0
89.6	20.2	-8805.54	1.17	14.95	-1.36	4.9	37.97	203909	2728.0	12272.0	15000.0
89.53	20.2	-8805.54	1.17	14.95	-1.36	4.9	37.9	203910	2729.0	12271.0	15000.0
89.45	20.2	-8818.36	1.16	14.99	0.27	5.68	37.83	203911	2730.0	12270.0	15000.0
89.37	20.2	-8818.36	1.16	14.99	0.27	5.68	37.79	203912	2731.0	12269.0	15000.0
89.29	20.2	-8809.81	1.14	14.99	0.18	5.3	37.76	203913	2732.0	12268.0	15000.0
89.2	20.2	-8809.81	1.14	14.99	0.18	5.3	37.73	203914	2733.0	12267.0	15000.0
89.12	20.2	-8805.54	1.17	14.96	-0.41	5.12	37.7	203915	2734.0	12266.0	15000.0
89.04	20.2	-8805.54	1.17	14.96	-0.41	5.12	37.66	203916	2735.0	12265.0	15000.0
88.95	20.2	-8811.52	1.16	14.96	-0.03	5.16	37.62	203917	2736.0	12264.0	15000.0
88.88	20.2	-8811.52	1.16	14.96	-0.03	5.16	37.62	203918	2737.0	12263.0	15000.0
88.8	20.1	-8811.52	1.16	14.96	-0.03	5.16	37.62	203919	2738.0	12262.0	15000.0
88.73	20.1	-8811.52	1.16	14.96	-0.03	5.16	37.59	203920	2739.0	12261.0	15000.0
88.67	20.1	-8808.1	1.15	14.99	0.3	4.83	37.55	203921	2740.0	12260.0	15000.0
88.62	20.1	-8808.1	1.15	14.99	0.3	4.83	37.51	203922	2741.0	12259.0	15000.0
88.57	20.1	-8806.39	1.13	14.98	0.42	5.24	37.47	203923	2742.0	12258.0	15000.0
88.52	20.1	-8806.39	1.13	14.98	0.42	5.24	37.43	203924	2743.0	12257.0	15000.0
88.47	20.1	-8804.26	1.17	14.97	-0.8	5.25	37.4	203925	2744.0	12256.0	15000.0
88.42	20.1	-8804.26	1.17	14.97	-0.8	5.25	37.37	203926	2745.0	12255.0	15000.0
88.35	20.1	-8805.11	1.2	14.96	-0.34	4.61	37.34	203927	2746.0	12254.0	15000.0
88.28	20.1	-8805.11	1.2	14.96	-0.34	4.61	37.31	203928	2747.0	12253.0	15000.0
88.2	20.0	-8811.52	1.14	14.96	0.34	6.04	37.28	203929	2748.0	12252.0	15000.0
88.11	20.0	-8811.52	1.14	14.96	0.34	6.04	37.25	203930	2749.0	12251.0	15000.0
88.0	20.0	-8814.51	1.19	14.98	0.11	5.2	37.21	203931	2750.0	12250.0	15000.0
87.9	20.0	-8814.51	1.19	14.98	0.11	5.2	37.17	203932	2751.0	12249.0	15000.0
87.78	20.0	-8815.79	1.16	15.01	0.49	5.64	37.13	203933	2752.0	12248.0	15000.0
87.66	20.0	-8815.79	1.16	15.01	0.49	5.64	37.1	203934	2753.0	12247.0	15000.0
87.54	20.0	-8807.68	1.19	14.99	-0.13	5.08	37.07	203935	2754.0	12246.0	15000.0
87.41	20.0	-8807.68	1.19	14.99	-0.13	5.08	37.04	203936	2755.0	12245.0	15000.0
87.28	20.0	-8814.08	1.19	15.01	0.2	5.4	37.01	203937	2756.0	12244.0	15000.0
87.14	20.0	-8814.08	1.19	15.01	0.2	5.4	36.98	203938	2757.0	12243.0	15000.0
87.0	20.1	-8814.51	1.18	14.96	-0.27	5.9	36.96	203939	2758.0	12242.0	15000.0
86.86	20.1	-8814.51	1.18	14.96	-0.27	5.9	18.47	203940	2759.0	12241.0	15000.0
